0 0 50
1 0 50
2 0 50
3 0 50
4 0 50
5 0 50
6 0 50
7 0 50
8 0 50
9 0 50
10 0 50
11 0 50
12 0 50
13 0 50
14 0 50
15 0 50
16 0 50
17 0 50
18 0 50
19 0 50
20 0 50
21 0 50
22 0 50
23 0 50
24 0 50
25 0 50
26 0 50
27 0 50
28 0 50
29 0 50
30 0 50
31 0 50
32 0 50
33 0 50
34 0 50
35 0 50
36 0 50
37 0 50
38 0 50
39 0 50
40 0 50
41 0 50
42 0 50
43 0 50
44 0 50
45 0 50
46 0 50
47 0 50
48 0 50
49 0 50
50 0 50
51 0 50
52 0 50
53 0 50
54 0 50
55 0 50
56 0 50
57 0 50
58 0 50
59 0 50
60 0 50
61 0 50
62 0 50
63 0 50
64 0 50
65 0 50
66 0 50
67 0 50
68 0 50
69 0 50
70 0 50
71 0 50
72 0 50
73 0 50
74 0 50
75 0 50
76 0 50
77 0 50
78 0 50
79 0 50
80 0 50
81 0 50
82 0 50
83 0 50
84 0 50
85 0 50
86 0 50
87 0 50
88 0 50
89 0 50
90 0 50
91 0 50
92 0 50
93 0 50
94 0 50
95 0 50
96 0 50
97 0 50
98 0 50
99 0 50
0 1 50
1 1 49.9939
2 1 49.9877
3 1 49.9816
4 1 49.9755
5 1 49.9694
6 1 49.9632
7 1 49.9571
8 1 49.951
9 1 49.9449
10 1 49.9387
11 1 49.9326
12 1 49.9265
13 1 49.9204
14 1 49.9144
15 1 49.9083
16 1 49.9023
17 1 49.8962
18 1 49.8903
19 1 49.8843
20 1 49.8784
21 1 49.8725
22 1 49.8667
23 1 49.8609
24 1 49.8553
25 1 49.8496
26 1 49.8441
27 1 49.8387
28 1 49.8334
29 1 49.8282
30 1 49.8231
31 1 49.8181
32 1 49.8134
33 1 49.8087
34 1 49.8043
35 1 49.8001
36 1 49.796
37 1 49.7922
38 1 49.7886
39 1 49.7852
40 1 49.7821
41 1 49.7793
42 1 49.7767
43 1 49.7744
44 1 49.7724
45 1 49.7707
46 1 49.7693
47 1 49.7682
48 1 49.7675
49 1 49.767
50 1 49.7669
51 1 49.7671
52 1 49.7677
53 1 49.7685
54 1 49.7697
55 1 49.7712
56 1 49.773
57 1 49.7751
58 1 49.7775
59 1 49.7802
60 1 49.7831
61 1 49.7863
62 1 49.7898
63 1 49.7935
64 1 49.7974
65 1 49.8016
66 1 49.8059
67 1 49.8105
68 1 49.8152
69 1 49.8201
70 1 49.8252
71 1 49.8303
72 1 49.8357
73 1 49.8411
74 1 49.8467
75 1 49.8523
76 1 49.858
77 1 49.8639
78 1 49.8697
79 1 49.8757
80 1 49.8817
81 1 49.8877
82 1 49.8938
83 1 49.9
84 1 49.9061
85 1 49.9123
86 1 49.9185
87 1 49.9247
88 1 49.931
89 1 49.9372
90 1 49.9435
91 1 49.9497
92 1 49.956
93 1 49.9623
94 1 49.9686
95 1 49.9749
96 1 49.9811
97 1 49.9874
98 1 49.9937
99 1 50
0 2 50
1 2 49.9877
2 2 49.9755
3 2 49.9632
4 2 49.951
5 2 49.9387
6 2 49.9265
7 2 49.9142
8 2 49.902
9 2 49.8897
10 2 49.8775
11 2 49.8653
12 2 49.8531
13 2 49.8409
14 2 49.8287
15 2 49.8166
16 2 49.8045
17 2 49.7925
18 2 49.7805
19 2 49.7686
20 2 49.7567
21 2 49.745
22 2 49.7333
23 2 49.7218
24 2 49.7104
25 2 49.6992
26 2 49.6881
27 2 49.6773
28 2 49.6666
29 2 49.6562
30 2 49.646
31 2 49.6361
32 2 49.6266
33 2 49.6173
34 2 49.6084
35 2 49.5999
36 2 49.5918
37 2 49.5841
38 2 49.5769
39 2 49.5702
40 2 49.5639
41 2 49.5582
42 2 49.5531
43 2 49.5485
44 2 49.5445
45 2 49.5411
46 2 49.5383
47 2 49.5362
48 2 49.5346
49 2 49.5338
50 2 49.5335
51 2 49.534
52 2 49.535
53 2 49.5368
54 2 49.5391
55 2 49.5421
56 2 49.5457
57 2 49.5499
58 2 49.5547
59 2 49.56
60 2 49.5659
61 2 49.5724
62 2 49.5793
63 2 49.5868
64 2 49.5946
65 2 49.603
66 2 49.6117
67 2 49.6208
68 2 49.6303
69 2 49.6401
70 2 49.6502
71 2 49.6606
72 2 49.6712
73 2 49.6821
74 2 49.6932
75 2 49.7045
76 2 49.716
77 2 49.7276
78 2 49.7394
79 2 49.7513
80 2 49.7633
81 2 49.7754
82 2 49.7876
83 2 49.7999
84 2 49.8122
85 2 49.8246
86 2 49.837
87 2 49.8494
88 2 49.8619
89 2 49.8744
90 2 49.8869
91 2 49.8995
92 2 49.912
93 2 49.9246
94 2 49.9371
95 2 49.9497
96 2 49.9623
97 2 49.9748
98 2 49.9874
99 2 50
0 3 50
1 3 49.9816
2 3 49.9632
3 3 49.9448
4 3 49.9265
5 3 49.9081
6 3 49.8897
7 3 49.8713
8 3 49.8529
9 3 49.8346
10 3 49.8162
11 3 49.7979
12 3 49.7796
13 3 49.7613
14 3 49.7431
15 3 49.7249
16 3 49.7067
17 3 49.6886
18 3 49.6707
19 3 49.6528
20 3 49.635
21 3 49.6173
22 3 49.5999
23 3 49.5826
24 3 49.5655
25 3 49.5486
26 3 49.532
27 3 49.5156
28 3 49.4996
29 3 49.484
30 3 49.4687
31 3 49.4538
32 3 49.4394
33 3 49.4255
34 3 49.4122
35 3 49.3994
36 3 49.3872
37 3 49.3756
38 3 49.3648
39 3 49.3546
40 3 49.3453
41 3 49.3367
42 3 49.3289
43 3 49.322
44 3 49.316
45 3 49.3109
46 3 49.3067
47 3 49.3034
48 3 49.3012
49 3 49.2998
50 3 49.2995
51 3 49.3001
52 3 49.3018
53 3 49.3043
54 3 49.3079
55 3 49.3124
56 3 49.3178
57 3 49.3241
58 3 49.3313
59 3 49.3394
60 3 49.3483
61 3 49.3579
62 3 49.3684
63 3 49.3796
64 3 49.3914
65 3 49.4039
66 3 49.4171
67 3 49.4308
68 3 49.445
69 3 49.4597
70 3 49.4749
71 3 49.4905
72 3 49.5065
73 3 49.5229
74 3 49.5396
75 3 49.5566
76 3 49.5738
77 3 49.5913
78 3 49.609
79 3 49.6268
80 3 49.6449
81 3 49.6631
82 3 49.6813
83 3 49.6997
84 3 49.7182
85 3 49.7368
86 3 49.7554
87 3 49.7741
88 3 49.7928
89 3 49.8116
90 3 49.8304
91 3 49.8492
92 3 49.868
93 3 49.8868
94 3 49.9057
95 3 49.9245
96 3 49.9434
97 3 49.9623
98 3 49.9811
99 3 50
0 4 50
1 4 49.9755
2 4 49.951
3 4 49.9265
4 4 49.9019
5 4 49.8774
6 4 49.8529
7 4 49.8284
8 4 49.8039
9 4 49.7794
10 4 49.7549
11 4 49.7305
12 4 49.7061
13 4 49.6817
14 4 49.6573
15 4 49.6331
16 4 49.6088
17 4 49.5847
18 4 49.5607
19 4 49.5368
20 4 49.5131
21 4 49.4896
22 4 49.4662
23 4 49.4431
24 4 49.4203
25 4 49.3977
26 4 49.3755
27 4 49.3537
28 4 49.3323
29 4 49.3114
30 4 49.2909
31 4 49.2711
32 4 49.2518
33 4 49.2332
34 4 49.2153
35 4 49.1982
36 4 49.1819
37 4 49.1665
38 4 49.1519
39 4 49.1384
40 4 49.1258
41 4 49.1143
42 4 49.1039
43 4 49.0947
44 4 49.0866
45 4 49.0797
46 4 49.0741
47 4 49.0698
48 4 49.0667
49 4 49.065
50 4 49.0645
51 4 49.0653
52 4 49.0675
53 4 49.071
54 4 49.0757
55 4 49.0817
56 4 49.089
57 4 49.0974
58 4 49.1071
59 4 49.1179
60 4 49.1298
61 4 49.1428
62 4 49.1567
63 4 49.1717
64 4 49.1876
65 4 49.2043
66 4 49.2219
67 4 49.2402
68 4 49.2592
69 4 49.2789
70 4 49.2992
71 4 49.3201
72 4 49.3415
73 4 49.3634
74 4 49.3857
75 4 49.4084
76 4 49.4314
77 4 49.4547
78 4 49.4784
79 4 49.5022
80 4 49.5263
81 4 49.5505
82 4 49.575
83 4 49.5995
84 4 49.6242
85 4 49.649
86 4 49.6738
87 4 49.6987
88 4 49.7237
89 4 49.7487
90 4 49.7738
91 4 49.7989
92 4 49.824
93 4 49.8491
94 4 49.8742
95 4 49.8994
96 4 49.9245
97 4 49.9497
98 4 49.9748
99 4 50
0 5 50
1 5 49.9694
2 5 49.9387
3 5 49.9081
4 5 49.8774
5 5 49.8468
6 5 49.8162
7 5 49.7855
8 5 49.7549
9 5 49.7243
10 5 49.6937
11 5 49.6631
12 5 49.6325
13 5 49.602
14 5 49.5716
15 5 49.5412
16 5 49.5109
17 5 49.4807
18 5 49.4507
19 5 49.4208
20 5 49.3911
21 5 49.3616
22 5 49.3323
23 5 49.3034
24 5 49.2748
25 5 49.2465
26 5 49.2187
27 5 49.1914
28 5 49.1645
29 5 49.1383
30 5 49.1126
31 5 49.0877
32 5 49.0636
33 5 49.0402
34 5 49.0178
35 5 48.9963
36 5 48.9758
37 5 48.9564
38 5 48.9381
39 5 48.9211
40 5 48.9053
41 5 48.8908
42 5 48.8778
43 5 48.8661
44 5 48.856
45 5 48.8474
46 5 48.8403
47 5 48.8348
48 5 48.831
49 5 48.8288
50 5 48.8282
51 5 48.8293
52 5 48.832
53 5 48.8363
54 5 48.8423
55 5 48.8498
56 5 48.859
57 5 48.8696
58 5 48.8817
59 5 48.8953
60 5 48.9103
61 5 48.9266
62 5 48.9441
63 5 48.9629
64 5 48.9828
65 5 49.0039
66 5 49.0259
67 5 49.0489
68 5 49.0728
69 5 49.0975
70 5 49.123
71 5 49.1492
72 5 49.176
73 5 49.2034
74 5 49.2314
75 5 49.2598
76 5 49.2887
77 5 49.3179
78 5 49.3475
79 5 49.3774
80 5 49.4075
81 5 49.4379
82 5 49.4685
83 5 49.4992
84 5 49.5301
85 5 49.5611
86 5 49.5922
87 5 49.6233
88 5 49.6546
89 5 49.6859
90 5 49.7172
91 5 49.7486
92 5 49.78
93 5 49.8114
94 5 49.8428
95 5 49.8742
96 5 49.9057
97 5 49.9371
98 5 49.9686
99 5 50
0 6 50
1 6 49.9632
2 6 49.9265
3 6 49.8897
4 6 49.8529
5 6 49.8162
6 6 49.7794
7 6 49.7426
8 6 49.7058
9 6 49.6691
10 6 49.6323
11 6 49.5956
12 6 49.5589
13 6 49.5223
14 6 49.4857
15 6 49.4492
16 6 49.4128
17 6 49.3766
18 6 49.3405
19 6 49.3045
20 6 49.2688
21 6 49.2333
22 6 49.1982
23 6 49.1634
24 6 49.1289
25 6 49.0949
26 6 49.0614
27 6 49.0285
28 6 48.9962
29 6 48.9645
30 6 48.9337
31 6 48.9036
32 6 48.8745
33 6 48.8463
34 6 48.8192
35 6 48.7933
36 6 48.7686
37 6 48.7451
38 6 48.7231
39 6 48.7025
40 6 48.6834
41 6 48.666
42 6 48.6502
43 6 48.6361
44 6 48.6239
45 6 48.6135
46 6 48.6049
47 6 48.5983
48 6 48.5936
49 6 48.5909
50 6 48.5902
51 6 48.5915
52 6 48.5948
53 6 48.6001
54 6 48.6073
55 6 48.6164
56 6 48.6274
57 6 48.6403
58 6 48.6549
59 6 48.6713
60 6 48.6894
61 6 48.7091
62 6 48.7303
63 6 48.753
64 6 48.777
65 6 48.8024
66 6 48.829
67 6 48.8567
68 6 48.8855
69 6 48.9153
70 6 48.9461
71 6 48.9776
72 6 49.0099
73 6 49.043
74 6 49.0766
75 6 49.1108
76 6 49.1456
77 6 49.1808
78 6 49.2163
79 6 49.2523
80 6 49.2885
81 6 49.325
82 6 49.3618
83 6 49.3987
84 6 49.4358
85 6 49.4731
86 6 49.5104
87 6 49.5478
88 6 49.5854
89 6 49.6229
90 6 49.6606
91 6 49.6982
92 6 49.7359
93 6 49.7736
94 6 49.8113
95 6 49.8491
96 6 49.8868
97 6 49.9245
98 6 49.9623
99 6 50
0 7 50
1 7 49.9571
2 7 49.9142
3 7 49.8713
4 7 49.8284
5 7 49.7855
6 7 49.7426
7 7 49.6997
8 7 49.6568
9 7 49.6139
10 7 49.571
11 7 49.5281
12 7 49.4853
13 7 49.4425
14 7 49.3998
15 7 49.3572
16 7 49.3147
17 7 49.2723
18 7 49.2301
19 7 49.1881
20 7 49.1463
21 7 49.1048
22 7 49.0637
23 7 49.0229
24 7 48.9826
25 7 48.9428
26 7 48.9036
27 7 48.865
28 7 48.8271
29 7 48.7901
30 7 48.7539
31 7 48.7186
32 7 48.6844
33 7 48.6514
34 7 48.6196
35 7 48.5891
36 7 48.5601
37 7 48.5326
38 7 48.5066
39 7 48.4824
40 7 48.46
41 7 48.4395
42 7 48.4209
43 7 48.4044
44 7 48.3899
45 7 48.3777
46 7 48.3676
47 7 48.3598
48 7 48.3543
49 7 48.3511
50 7 48.3503
51 7 48.3518
52 7 48.3557
53 7 48.3619
54 7 48.3704
55 7 48.3811
56 7 48.3941
57 7 48.4092
58 7 48.4264
59 7 48.4457
60 7 48.467
61 7 48.4901
62 7 48.515
63 7 48.5417
64 7 48.5699
65 7 48.5997
66 7 48.6309
67 7 48.6635
68 7 48.6973
69 7 48.7323
70 7 48.7683
71 7 48.8053
72 7 48.8432
73 7 48.8819
74 7 48.9213
75 7 48.9614
76 7 49.002
77 7 49.0432
78 7 49.0849
79 7 49.1269
80 7 49.1693
81 7 49.212
82 7 49.2549
83 7 49.2981
84 7 49.3414
85 7 49.3849
86 7 49.4286
87 7 49.4723
88 7 49.5161
89 7 49.56
90 7 49.6039
91 7 49.6479
92 7 49.6918
93 7 49.7358
94 7 49.7799
95 7 49.8239
96 7 49.8679
97 7 49.9119
98 7 49.956
99 7 50
0 8 50
1 8 49.951
2 8 49.902
3 8 49.8529
4 8 49.8039
5 8 49.7549
6 8 49.7058
7 8 49.6568
8 8 49.6077
9 8 49.5587
10 8 49.5096
11 8 49.4606
12 8 49.4116
13 8 49.3627
14 8 49.3138
15 8 49.265
16 8 49.2164
17 8 49.1678
18 8 49.1195
19 8 49.0714
20 8 49.0235
21 8 48.976
22 8 48.9288
23 8 48.8821
24 8 48.8358
25 8 48.7902
26 8 48.7451
27 8 48.7008
28 8 48.6573
29 8 48.6147
30 8 48.5731
31 8 48.5326
32 8 48.4933
33 8 48.4552
34 8 48.4186
35 8 48.3835
36 8 48.3501
37 8 48.3184
38 8 48.2885
39 8 48.2606
40 8 48.2347
41 8 48.211
42 8 48.1896
43 8 48.1705
44 8 48.1538
45 8 48.1397
46 8 48.128
47 8 48.119
48 8 48.1127
49 8 48.109
50 8 48.1081
51 8 48.1098
52 8 48.1143
53 8 48.1214
54 8 48.1312
55 8 48.1436
56 8 48.1585
57 8 48.176
58 8 48.1959
59 8 48.2181
60 8 48.2426
61 8 48.2693
62 8 48.298
63 8 48.3287
64 8 48.3613
65 8 48.3956
66 8 48.4316
67 8 48.469
68 8 48.5079
69 8 48.5481
70 8 48.5896
71 8 48.6321
72 8 48.6756
73 8 48.7201
74 8 48.7653
75 8 48.8113
76 8 48.858
77 8 48.9052
78 8 48.953
79 8 49.0012
80 8 49.0497
81 8 49.0987
82 8 49.1478
83 8 49.1973
84 8 49.2469
85 8 49.2967
86 8 49.3466
87 8 49.3967
88 8 49.4468
89 8 49.497
90 8 49.5472
91 8 49.5975
92 8 49.6478
93 8 49.6981
94 8 49.7484
95 8 49.7987
96 8 49.849
97 8 49.8994
98 8 49.9497
99 8 50
0 9 50
1 9 49.9449
2 9 49.8897
3 9 49.8346
4 9 49.7794
5 9 49.7243
6 9 49.6691
7 9 49.6139
8 9 49.5587
9 9 49.5035
10 9 49.4483
11 9 49.3931
12 9 49.3379
13 9 49.2828
14 9 49.2277
15 9 49.1728
16 9 49.1179
17 9 49.0632
18 9 49.0087
19 9 48.9544
20 9 48.9004
21 9 48.8468
22 9 48.7935
23 9 48.7407
24 9 48.6885
25 9 48.6369
26 9 48.586
27 9 48.5358
28 9 48.4866
29 9 48.4384
30 9 48.3913
31 9 48.3454
32 9 48.3008
33 9 48.2577
34 9 48.2162
35 9 48.1763
36 9 48.1383
37 9 48.1023
38 9 48.0684
39 9 48.0367
40 9 48.0073
41 9 47.9803
42 9 47.9559
43 9 47.9342
44 9 47.9152
45 9 47.8991
46 9 47.8859
47 9 47.8756
48 9 47.8684
49 9 47.8642
50 9 47.8631
51 9 47.8651
52 9 47.8702
53 9 47.8783
54 9 47.8894
55 9 47.9035
56 9 47.9205
57 9 47.9404
58 9 47.963
59 9 47.9883
60 9 48.0162
61 9 48.0465
62 9 48.0791
63 9 48.114
64 9 48.151
65 9 48.1899
66 9 48.2307
67 9 48.2732
68 9 48.3173
69 9 48.3628
70 9 48.4097
71 9 48.4579
72 9 48.5072
73 9 48.5574
74 9 48.6086
75 9 48.6606
76 9 48.7134
77 9 48.7667
78 9 48.8206
79 9 48.875
80 9 48.9299
81 9 48.9851
82 9 49.0405
83 9 49.0963
84 9 49.1522
85 9 49.2084
86 9 49.2646
87 9 49.321
88 9 49.3774
89 9 49.4339
90 9 49.4905
91 9 49.5471
92 9 49.6037
93 9 49.6603
94 9 49.7169
95 9 49.7735
96 9 49.8302
97 9 49.8868
98 9 49.9434
99 9 50
0 10 50
1 10 49.9387
2 10 49.8775
3 10 49.8162
4 10 49.7549
5 10 49.6937
6 10 49.6323
7 10 49.571
8 10 49.5096
9 10 49.4483
10 10 49.3869
11 10 49.3255
12 10 49.2642
13 10 49.2028
14 10 49.1416
15 10 49.0804
16 10 49.0193
17 10 48.9584
18 10 48.8977
19 10 48.8372
20 10 48.777
21 10 48.7172
22 10 48.6578
23 10 48.5989
24 10 48.5405
25 10 48.4829
26 10 48.426
27 10 48.37
28 10 48.3149
29 10 48.261
30 10 48.2082
31 10 48.1568
32 10 48.1069
33 10 48.0586
34 10 48.012
35 10 47.9673
36 10 47.9247
37 10 47.8842
38 10 47.8461
39 10 47.8105
40 10 47.7774
41 10 47.7471
42 10 47.7197
43 10 47.6952
44 10 47.6738
45 10 47.6557
46 10 47.6408
47 10 47.6292
48 10 47.6211
49 10 47.6163
50 10 47.6151
51 10 47.6173
52 10 47.623
53 10 47.6321
54 10 47.6447
55 10 47.6606
56 10 47.6797
57 10 47.7021
58 10 47.7275
59 10 47.7559
60 10 47.7873
61 10 47.8213
62 10 47.858
63 10 47.8971
64 10 47.9386
65 10 47.9823
66 10 48.0281
67 10 48.0757
68 10 48.1251
69 10 48.1762
70 10 48.2287
71 10 48.2826
72 10 48.3377
73 10 48.3939
74 10 48.4511
75 10 48.5092
76 10 48.5681
77 10 48.6277
78 10 48.6878
79 10 48.7485
80 10 48.8097
81 10 48.8712
82 10 48.933
83 10 48.9951
84 10 49.0574
85 10 49.1199
86 10 49.1825
87 10 49.2452
88 10 49.308
89 10 49.3708
90 10 49.4337
91 10 49.4967
92 10 49.5596
93 10 49.6225
94 10 49.6854
95 10 49.7484
96 10 49.8113
97 10 49.8742
98 10 49.9371
99 10 50
0 11 50
1 11 49.9326
2 11 49.8653
3 11 49.7979
4 11 49.7305
5 11 49.6631
6 11 49.5956
7 11 49.5281
8 11 49.4606
9 11 49.3931
10 11 49.3255
11 11 49.2579
12 11 49.1904
13 11 49.1228
14 11 49.0553
15 11 48.9879
16 11 48.9206
17 11 48.8534
18 11 48.7864
19 11 48.7197
20 11 48.6532
21 11 48.5872
22 11 48.5215
23 11 48.4564
24 11 48.3919
25 11 48.3282
26 11 48.2652
27 11 48.2031
28 11 48.1421
29 11 48.0823
30 11 48.0238
31 11 47.9668
32 11 47.9114
33 11 47.8577
34 11 47.8059
35 11 47.7563
36 11 47.7088
37 11 47.6638
38 11 47.6214
39 11 47.5816
40 11 47.5448
41 11 47.511
42 11 47.4804
43 11 47.4531
44 11 47.4293
45 11 47.409
46 11 47.3923
47 11 47.3794
48 11 47.3703
49 11 47.365
50 11 47.3636
51 11 47.3661
52 11 47.3724
53 11 47.3826
54 11 47.3966
55 11 47.4143
56 11 47.4357
57 11 47.4606
58 11 47.489
59 11 47.5207
60 11 47.5556
61 11 47.5936
62 11 47.6344
63 11 47.678
64 11 47.7242
65 11 47.7727
66 11 47.8236
67 11 47.8765
68 11 47.9314
69 11 47.988
70 11 48.0463
71 11 48.1061
72 11 48.1671
73 11 48.2294
74 11 48.2928
75 11 48.357
76 11 48.4222
77 11 48.488
78 11 48.5545
79 11 48.6216
80 11 48.6891
81 11 48.757
82 11 48.8252
83 11 48.8937
84 11 48.9624
85 11 49.0312
86 11 49.1003
87 11 49.1693
88 11 49.2385
89 11 49.3077
90 11 49.377
91 11 49.4462
92 11 49.5155
93 11 49.5847
94 11 49.654
95 11 49.7232
96 11 49.7924
97 11 49.8616
98 11 49.9308
99 11 50
0 12 50
1 12 49.9265
2 12 49.8531
3 12 49.7796
4 12 49.7061
5 12 49.6325
6 12 49.5589
7 12 49.4853
8 12 49.4116
9 12 49.3379
10 12 49.2642
11 12 49.1904
12 12 49.1166
13 12 49.0428
14 12 48.969
15 12 48.8953
16 12 48.8217
17 12 48.7482
18 12 48.675
19 12 48.6019
20 12 48.5291
21 12 48.4567
22 12 48.3848
23 12 48.3134
24 12 48.2426
25 12 48.1726
26 12 48.1035
27 12 48.0353
28 12 47.9682
29 12 47.9024
30 12 47.838
31 12 47.7752
32 12 47.7141
33 12 47.6549
34 12 47.5978
35 12 47.543
36 12 47.4906
37 12 47.4408
38 12 47.3939
39 12 47.35
40 12 47.3092
41 12 47.2718
42 12 47.2379
43 12 47.2076
44 12 47.1812
45 12 47.1587
46 12 47.1402
47 12 47.1259
48 12 47.1157
49 12 47.1099
50 12 47.1083
51 12 47.111
52 12 47.118
53 12 47.1293
54 12 47.1448
55 12 47.1645
56 12 47.1882
57 12 47.2158
58 12 47.2472
59 12 47.2823
60 12 47.3209
61 12 47.3629
62 12 47.4081
63 12 47.4563
64 12 47.5073
65 12 47.5609
66 12 47.617
67 12 47.6754
68 12 47.7359
69 12 47.7983
70 12 47.8625
71 12 47.9282
72 12 47.9954
73 12 48.0638
74 12 48.1334
75 12 48.204
76 12 48.2755
77 12 48.3478
78 12 48.4207
79 12 48.4942
80 12 48.5681
81 12 48.6425
82 12 48.7171
83 12 48.7921
84 12 48.8672
85 12 48.9425
86 12 49.0179
87 12 49.0934
88 12 49.169
89 12 49.2446
90 12 49.3202
91 12 49.3958
92 12 49.4714
93 12 49.547
94 12 49.6225
95 12 49.698
96 12 49.7736
97 12 49.849
98 12 49.9245
99 12 50
0 13 50
1 13 49.9204
2 13 49.8409
3 13 49.7613
4 13 49.6817
5 13 49.602
6 13 49.5223
7 13 49.4425
8 13 49.3627
9 13 49.2828
10 13 49.2028
11 13 49.1228
12 13 49.0428
13 13 48.9627
14 13 48.8827
15 13 48.8027
16 13 48.7227
17 13 48.6429
18 13 48.5632
19 13 48.4838
20 13 48.4047
21 13 48.3259
22 13 48.2475
23 13 48.1697
24 13 48.0926
25 13 48.0162
26 13 47.9408
27 13 47.8663
28 13 47.7931
29 13 47.7211
30 13 47.6507
31 13 47.5819
32 13 47.515
33 13 47.4501
34 13 47.3875
35 13 47.3273
36 13 47.2698
37 13 47.2151
38 13 47.1635
39 13 47.1151
40 13 47.0703
41 13 47.029
42 13 46.9917
43 13 46.9583
44 13 46.9292
45 13 46.9043
46 13 46.8839
47 13 46.8681
48 13 46.8569
49 13 46.8504
50 13 46.8487
51 13 46.8517
52 13 46.8594
53 13 46.8719
54 13 46.8889
55 13 46.9106
56 13 46.9367
57 13 46.9671
58 13 47.0018
59 13 47.0404
60 13 47.0829
61 13 47.1291
62 13 47.1788
63 13 47.2317
64 13 47.2877
65 13 47.3466
66 13 47.4082
67 13 47.4722
68 13 47.5385
69 13 47.6068
70 13 47.6771
71 13 47.749
72 13 47.8224
73 13 47.8972
74 13 47.9731
75 13 48.0502
76 13 48.1281
77 13 48.2069
78 13 48.2863
79 13 48.3663
80 13 48.4468
81 13 48.5276
82 13 48.6088
83 13 48.6903
84 13 48.7719
85 13 48.8537
86 13 48.9355
87 13 49.0175
88 13 49.0995
89 13 49.1814
90 13 49.2634
91 13 49.3454
92 13 49.4273
93 13 49.5092
94 13 49.5911
95 13 49.6729
96 13 49.7547
97 13 49.8365
98 13 49.9182
99 13 50
0 14 50
1 14 49.9144
2 14 49.8287
3 14 49.7431
4 14 49.6573
5 14 49.5716
6 14 49.4857
7 14 49.3998
8 14 49.3138
9 14 49.2277
10 14 49.1416
11 14 49.0553
12 14 48.969
13 14 48.8827
14 14 48.7963
15 14 48.71
16 14 48.6237
17 14 48.5374
18 14 48.4513
19 14 48.3654
20 14 48.2798
21 14 48.1946
22 14 48.1097
23 14 48.0255
24 14 47.9418
25 14 47.859
26 14 47.7771
27 14 47.6962
28 14 47.6166
29 14 47.5383
30 14 47.4617
31 14 47.3868
32 14 47.3138
33 14 47.2431
34 14 47.1747
35 14 47.109
36 14 47.0461
37 14 46.9863
38 14 46.9298
39 14 46.8768
40 14 46.8277
41 14 46.7825
42 14 46.7415
43 14 46.7049
44 14 46.6728
45 14 46.6456
46 14 46.6231
47 14 46.6057
48 14 46.5934
49 14 46.5863
50 14 46.5843
51 14 46.5876
52 14 46.5961
53 14 46.6098
54 14 46.6285
55 14 46.6523
56 14 46.6809
57 14 46.7143
58 14 46.7523
59 14 46.7947
60 14 46.8413
61 14 46.8918
62 14 46.9462
63 14 47.0041
64 14 47.0654
65 14 47.1297
66 14 47.1969
67 14 47.2668
68 14 47.339
69 14 47.4135
70 14 47.49
71 14 47.5682
72 14 47.6481
73 14 47.7293
74 14 47.8118
75 14 47.8954
76 14 47.98
77 14 48.0653
78 14 48.1513
79 14 48.2379
80 14 48.325
81 14 48.4125
82 14 48.5003
83 14 48.5883
84 14 48.6764
85 14 48.7647
86 14 48.8531
87 14 48.9415
88 14 49.0299
89 14 49.1183
90 14 49.2067
91 14 49.295
92 14 49.3833
93 14 49.4715
94 14 49.5597
95 14 49.6478
96 14 49.7359
97 14 49.824
98 14 49.912
99 14 50
0 15 50
1 15 49.9083
2 15 49.8166
3 15 49.7249
4 15 49.6331
5 15 49.5412
6 15 49.4492
7 15 49.3572
8 15 49.265
9 15 49.1728
10 15 49.0804
11 15 48.9879
12 15 48.8953
13 15 48.8027
14 15 48.71
15 15 48.6172
16 15 48.5245
17 15 48.4318
18 15 48.3392
19 15 48.2468
20 15 48.1547
21 15 48.0628
22 15 47.9714
23 15 47.8805
24 15 47.7903
25 15 47.7008
26 15 47.6123
27 15 47.5249
28 15 47.4387
29 15 47.354
30 15 47.2709
31 15 47.1897
32 15 47.1105
33 15 47.0336
34 15 46.9593
35 15 46.8878
36 15 46.8194
37 15 46.7542
38 15 46.6926
39 15 46.6348
40 15 46.5811
41 15 46.5317
42 15 46.4869
43 15 46.4469
44 15 46.4118
45 15 46.3819
46 15 46.3574
47 15 46.3383
48 15 46.3248
49 15 46.3169
50 15 46.3148
51 15 46.3183
52 15 46.3276
53 15 46.3426
54 15 46.3631
55 15 46.3891
56 15 46.4204
57 15 46.457
58 15 46.4985
59 15 46.5448
60 15 46.5956
61 15 46.6508
62 15 46.7101
63 15 46.7732
64 15 46.8399
65 15 46.91
66 15 46.9831
67 15 47.059
68 15 47.1374
69 15 47.2182
70 15 47.3011
71 15 47.3859
72 15 47.4723
73 15 47.5602
74 15 47.6494
75 15 47.7397
76 15 47.831
77 15 47.9231
78 15 48.0158
79 15 48.1092
80 15 48.2029
81 15 48.2971
82 15 48.3915
83 15 48.4861
84 15 48.5809
85 15 48.6757
86 15 48.7706
87 15 48.8655
88 15 48.9604
89 15 49.0552
90 15 49.15
91 15 49.2447
92 15 49.3393
93 15 49.4339
94 15 49.5283
95 15 49.6228
96 15 49.7171
97 15 49.8114
98 15 49.9057
99 15 50
0 16 50
1 16 49.9023
2 16 49.8045
3 16 49.7067
4 16 49.6088
5 16 49.5109
6 16 49.4128
7 16 49.3147
8 16 49.2164
9 16 49.1179
10 16 49.0193
11 16 48.9206
12 16 48.8217
13 16 48.7227
14 16 48.6237
15 16 48.5245
16 16 48.4253
17 16 48.3261
18 16 48.227
19 16 48.128
20 16 48.0292
21 16 47.9307
22 16 47.8326
23 16 47.735
24 16 47.638
25 16 47.5418
26 16 47.4465
27 16 47.3523
28 16 47.2594
29 16 47.168
30 16 47.0783
31 16 46.9905
32 16 46.9049
33 16 46.8217
34 16 46.7412
35 16 46.6636
36 16 46.5893
37 16 46.5186
38 16 46.4516
39 16 46.3887
40 16 46.3303
41 16 46.2765
42 16 46.2276
43 16 46.1839
44 16 46.1456
45 16 46.113
46 16 46.0862
47 16 46.0653
48 16 46.0505
49 16 46.0419
50 16 46.0395
51 16 46.0434
52 16 46.0535
53 16 46.0698
54 16 46.0922
55 16 46.1206
56 16 46.1548
57 16 46.1946
58 16 46.2399
59 16 46.2903
60 16 46.3457
61 16 46.4057
62 16 46.4702
63 16 46.5388
64 16 46.6112
65 16 46.6872
66 16 46.7664
67 16 46.8486
68 16 46.9335
69 16 47.0208
70 16 47.1104
71 16 47.2019
72 16 47.2951
73 16 47.3899
74 16 47.4859
75 16 47.5831
76 16 47.6812
77 16 47.7802
78 16 47.8798
79 16 47.9799
80 16 48.0805
81 16 48.1814
82 16 48.2825
83 16 48.3838
84 16 48.4852
85 16 48.5867
86 16 48.6881
87 16 48.7896
88 16 48.8909
89 16 48.9922
90 16 49.0934
91 16 49.1945
92 16 49.2954
93 16 49.3963
94 16 49.4971
95 16 49.5978
96 16 49.6984
97 16 49.799
98 16 49.8995
99 16 50
0 17 50
1 17 49.8962
2 17 49.7925
3 17 49.6886
4 17 49.5847
5 17 49.4807
6 17 49.3766
7 17 49.2723
8 17 49.1678
9 17 49.0632
10 17 48.9584
11 17 48.8534
12 17 48.7482
13 17 48.6429
14 17 48.5374
15 17 48.4318
16 17 48.3261
17 17 48.2204
18 17 48.1146
19 17 48.009
20 17 47.9034
21 17 47.7982
22 17 47.6932
23 17 47.5888
24 17 47.4849
25 17 47.3818
26 17 47.2796
27 17 47.1785
28 17 47.0787
29 17 46.9804
30 17 46.8838
31 17 46.7892
32 17 46.6969
33 17 46.6071
34 17 46.5201
35 17 46.4363
36 17 46.3558
37 17 46.2791
38 17 46.2065
39 17 46.1383
40 17 46.0748
41 17 46.0163
42 17 45.9631
43 17 45.9156
44 17 45.8739
45 17 45.8383
46 17 45.809
47 17 45.7862
48 17 45.7701
49 17 45.7607
50 17 45.7581
51 17 45.7623
52 17 45.7733
53 17 45.791
54 17 45.8154
55 17 45.8463
56 17 45.8836
57 17 45.9269
58 17 45.9761
59 17 46.0309
60 17 46.0911
61 17 46.1563
62 17 46.2262
63 17 46.3005
64 17 46.3789
65 17 46.4611
66 17 46.5467
67 17 46.6355
68 17 46.7271
69 17 46.8213
70 17 46.9178
71 17 47.0162
72 17 47.1164
73 17 47.2182
74 17 47.3213
75 17 47.4255
76 17 47.5307
77 17 47.6366
78 17 47.7432
79 17 47.8503
80 17 47.9577
81 17 48.0655
82 17 48.1734
83 17 48.2815
84 17 48.3896
85 17 48.4977
86 17 48.6057
87 17 48.7137
88 17 48.8215
89 17 48.9293
90 17 49.0369
91 17 49.1443
92 17 49.2516
93 17 49.3588
94 17 49.4659
95 17 49.5728
96 17 49.6797
97 17 49.7865
98 17 49.8933
99 17 50
0 18 50
1 18 49.8903
2 18 49.7805
3 18 49.6707
4 18 49.5607
5 18 49.4507
6 18 49.3405
7 18 49.2301
8 18 49.1195
9 18 49.0087
10 18 48.8977
11 18 48.7864
12 18 48.675
13 18 48.5632
14 18 48.4513
15 18 48.3392
16 18 48.227
17 18 48.1146
18 18 48.0022
19 18 47.8898
20 18 47.7775
21 18 47.6653
22 18 47.5535
23 18 47.442
24 18 47.3311
25 18 47.221
26 18 47.1116
27 18 47.0034
28 18 46.8965
29 18 46.791
30 18 46.6874
31 18 46.5857
32 18 46.4864
33 18 46.3897
34 18 46.2959
35 18 46.2055
36 18 46.1186
37 18 46.0357
38 18 45.9571
39 18 45.8832
40 18 45.8143
41 18 45.7508
42 18 45.6931
43 18 45.6414
44 18 45.596
45 18 45.5573
46 18 45.5254
47 18 45.5006
48 18 45.4829
49 18 45.4727
50 18 45.4698
51 18 45.4744
52 18 45.4863
53 18 45.5056
54 18 45.5322
55 18 45.5658
56 18 45.6062
57 18 45.6533
58 18 45.7068
59 18 45.7662
60 18 45.8315
61 18 45.9021
62 18 45.9778
63 18 46.0582
64 18 46.1429
65 18 46.2316
66 18 46.324
67 18 46.4196
68 18 46.5183
69 18 46.6195
70 18 46.7231
71 18 46.8288
72 18 46.9362
73 18 47.0453
74 18 47.1556
75 18 47.267
76 18 47.3794
77 18 47.4924
78 18 47.6061
79 18 47.7203
80 18 47.8347
81 18 47.9494
82 18 48.0642
83 18 48.1791
84 18 48.2939
85 18 48.4087
86 18 48.5234
87 18 48.6379
88 18 48.7523
89 18 48.8665
90 18 48.9805
91 18 49.0943
92 18 49.208
93 18 49.3215
94 18 49.4348
95 18 49.548
96 18 49.6611
97 18 49.7741
98 18 49.8871
99 18 50
0 19 50
1 19 49.8843
2 19 49.7686
3 19 49.6528
4 19 49.5368
5 19 49.4208
6 19 49.3045
7 19 49.1881
8 19 49.0714
9 19 48.9544
10 19 48.8372
11 19 48.7197
12 19 48.6019
13 19 48.4838
14 19 48.3654
15 19 48.2468
16 19 48.128
17 19 48.009
18 19 47.8898
19 19 47.7706
20 19 47.6513
21 19 47.5322
22 19 47.4133
23 19 47.2948
24 19 47.1767
25 19 47.0592
26 19 46.9426
27 19 46.8271
28 19 46.7128
29 19 46.5999
30 19 46.4889
31 19 46.3799
32 19 46.2733
33 19 46.1694
34 19 46.0685
35 19 45.9711
36 19 45.8774
37 19 45.7879
38 19 45.703
39 19 45.6231
40 19 45.5485
41 19 45.4797
42 19 45.417
43 19 45.3609
44 19 45.3116
45 19 45.2695
46 19 45.2348
47 19 45.2077
48 19 45.1885
49 19 45.1773
50 19 45.1741
51 19 45.1791
52 19 45.1921
53 19 45.213
54 19 45.2419
55 19 45.2784
56 19 45.3223
57 19 45.3734
58 19 45.4314
59 19 45.4959
60 19 45.5665
61 19 45.6429
62 19 45.7247
63 19 45.8116
64 19 45.903
65 19 45.9986
66 19 46.098
67 19 46.2008
68 19 46.3068
69 19 46.4154
70 19 46.5265
71 19 46.6396
72 19 46.7545
73 19 46.871
74 19 46.9888
75 19 47.1076
76 19 47.2273
77 19 47.3477
78 19 47.4686
79 19 47.5899
80 19 47.7115
81 19 47.8332
82 19 47.955
83 19 48.0767
84 19 48.1983
85 19 48.3199
86 19 48.4412
87 19 48.5623
88 19 48.6832
89 19 48.8039
90 19 48.9243
91 19 49.0445
92 19 49.1645
93 19 49.2843
94 19 49.4039
95 19 49.5233
96 19 49.6426
97 19 49.7618
98 19 49.8809
99 19 50
0 20 50
1 20 49.8784
2 20 49.7567
3 20 49.635
4 20 49.5131
5 20 49.3911
6 20 49.2688
7 20 49.1463
8 20 49.0235
9 20 48.9004
10 20 48.777
11 20 48.6532
12 20 48.5291
13 20 48.4047
14 20 48.2798
15 20 48.1547
16 20 48.0292
17 20 47.9034
18 20 47.7775
19 20 47.6513
20 20 47.5251
21 20 47.3989
22 20 47.2728
23 20 47.147
24 20 47.0216
25 20 46.8967
26 20 46.7726
27 20 46.6495
28 20 46.5276
29 20 46.4071
30 20 46.2884
31 20 46.1718
32 20 46.0576
33 20 45.9461
34 20 45.8377
35 20 45.7329
36 20 45.6321
37 20 45.5356
38 20 45.444
39 20 45.3576
40 20 45.2769
41 20 45.2024
42 20 45.1345
43 20 45.0736
44 20 45.02
45 20 44.9742
46 20 44.9365
47 20 44.907
48 20 44.8861
49 20 44.8739
50 20 44.8704
51 20 44.8757
52 20 44.8898
53 20 44.9126
54 20 44.9439
55 20 44.9836
56 20 45.0312
57 20 45.0867
58 20 45.1495
59 20 45.2193
60 20 45.2958
61 20 45.3784
62 20 45.4667
63 20 45.5603
64 20 45.6588
65 20 45.7617
66 20 45.8686
67 20 45.979
68 20 46.0926
69 20 46.2089
70 20 46.3277
71 20 46.4486
72 20 46.5713
73 20 46.6955
74 20 46.8209
75 20 46.9474
76 20 47.0746
77 20 47.2025
78 20 47.3308
79 20 47.4594
80 20 47.5881
81 20 47.717
82 20 47.8457
83 20 47.9744
84 20 48.1029
85 20 48.2312
86 20 48.3592
87 20 48.487
88 20 48.6144
89 20 48.7416
90 20 48.8684
91 20 48.995
92 20 49.1213
93 20 49.2473
94 20 49.3731
95 20 49.4987
96 20 49.6242
97 20 49.7495
98 20 49.8748
99 20 50
0 21 50
1 21 49.8725
2 21 49.745
3 21 49.6173
4 21 49.4896
5 21 49.3616
6 21 49.2333
7 21 49.1048
8 21 48.976
9 21 48.8468
10 21 48.7172
11 21 48.5872
12 21 48.4567
13 21 48.3259
14 21 48.1946
15 21 48.0628
16 21 47.9307
17 21 47.7982
18 21 47.6653
19 21 47.5322
20 21 47.3989
21 21 47.2655
22 21 47.1321
23 21 46.9989
24 21 46.8659
25 21 46.7335
26 21 46.6016
27 21 46.4707
28 21 46.3409
29 21 46.2125
30 21 46.0859
31 21 45.9613
32 21 45.8391
33 21 45.7196
34 21 45.6034
35 21 45.4909
36 21 45.3824
37 21 45.2785
38 21 45.1797
39 21 45.0864
40 21 44.9992
41 21 44.9186
42 21 44.845
43 21 44.7789
44 21 44.7208
45 21 44.671
46 21 44.6299
47 21 44.5979
48 21 44.5751
49 21 44.5617
50 21 44.5579
51 21 44.5636
52 21 44.579
53 21 44.6037
54 21 44.6377
55 21 44.6807
56 21 44.7325
57 21 44.7926
58 21 44.8606
59 21 44.9362
60 21 45.0189
61 21 45.1081
62 21 45.2034
63 21 45.3043
64 21 45.4103
65 21 45.5209
66 21 45.6356
67 21 45.754
68 21 45.8756
69 21 46
70 21 46.1269
71 21 46.2559
72 21 46.3866
73 21 46.5187
74 21 46.6521
75 21 46.7863
76 21 46.9213
77 21 47.0568
78 21 47.1926
79 21 47.3287
80 21 47.4647
81 21 47.6008
82 21 47.7367
83 21 47.8723
84 21 48.0077
85 21 48.1428
86 21 48.2776
87 21 48.4119
88 21 48.5459
89 21 48.6795
90 21 48.8128
91 21 48.9457
92 21 49.0783
93 21 49.2105
94 21 49.3425
95 21 49.4743
96 21 49.6059
97 21 49.7373
98 21 49.8687
99 21 50
0 22 50
1 22 49.8667
2 22 49.7333
3 22 49.5999
4 22 49.4662
5 22 49.3323
6 22 49.1982
7 22 49.0637
8 22 48.9288
9 22 48.7935
10 22 48.6578
11 22 48.5215
12 22 48.3848
13 22 48.2475
14 22 48.1097
15 22 47.9714
16 22 47.8326
17 22 47.6932
18 22 47.5535
19 22 47.4133
20 22 47.2728
21 22 47.1321
22 22 46.9913
23 22 46.8505
24 22 46.7099
25 22 46.5696
26 22 46.4298
27 22 46.2908
28 22 46.1529
29 22 46.0163
30 22 45.8813
31 22 45.7484
32 22 45.6178
33 22 45.49
34 22 45.3655
35 22 45.2447
36 22 45.1282
37 22 45.0164
38 22 44.9099
39 22 44.8092
40 22 44.715
41 22 44.6277
42 22 44.548
43 22 44.4763
44 22 44.4132
45 22 44.3591
46 22 44.3144
47 22 44.2795
48 22 44.2546
49 22 44.24
50 22 44.2358
51 22 44.2421
52 22 44.2587
53 22 44.2856
54 22 44.3225
55 22 44.3692
56 22 44.4254
57 22 44.4906
58 22 44.5643
59 22 44.6461
60 22 44.7355
61 22 44.8318
62 22 44.9346
63 22 45.0433
64 22 45.1572
65 22 45.276
66 22 45.399
67 22 45.5258
68 22 45.6558
69 22 45.7887
70 22 45.924
71 22 46.0614
72 22 46.2004
73 22 46.3408
74 22 46.4823
75 22 46.6246
76 22 46.7675
77 22 46.9108
78 22 47.0543
79 22 47.1979
80 22 47.3414
81 22 47.4847
82 22 47.6278
83 22 47.7705
84 22 47.9129
85 22 48.0548
86 22 48.1963
87 22 48.3373
88 22 48.4778
89 22 48.6179
90 22 48.7575
91 22 48.8967
92 22 49.0356
93 22 49.174
94 22 49.3122
95 22 49.4501
96 22 49.5878
97 22 49.7253
98 22 49.8627
99 22 50
0 23 50
1 23 49.8609
2 23 49.7218
3 23 49.5826
4 23 49.4431
5 23 49.3034
6 23 49.1634
7 23 49.0229
8 23 48.8821
9 23 48.7407
10 23 48.5989
11 23 48.4564
12 23 48.3134
13 23 48.1697
14 23 48.0255
15 23 47.8805
16 23 47.735
17 23 47.5888
18 23 47.442
19 23 47.2948
20 23 47.147
21 23 46.9989
22 23 46.8505
23 23 46.702
24 23 46.5535
25 23 46.4052
26 23 46.2572
27 23 46.11
28 23 45.9636
29 23 45.8184
30 23 45.6748
31 23 45.5331
32 23 45.3938
33 23 45.2572
34 23 45.1239
35 23 44.9944
36 23 44.8692
37 23 44.749
38 23 44.6343
39 23 44.5257
40 23 44.4238
41 23 44.3294
42 23 44.243
43 23 44.1652
44 23 44.0967
45 23 44.0378
46 23 43.9892
47 23 43.9511
48 23 43.924
49 23 43.908
50 23 43.9034
51 23 43.9101
52 23 43.9282
53 23 43.9574
54 23 43.9975
55 23 44.0483
56 23 44.1093
57 23 44.18
58 23 44.2599
59 23 44.3485
60 23 44.4451
61 23 44.5491
62 23 44.6599
63 23 44.7769
64 23 44.8994
65 23 45.0269
66 23 45.1587
67 23 45.2943
68 23 45.4333
69 23 45.575
70 23 45.7192
71 23 45.8653
72 23 46.013
73 23 46.1619
74 23 46.3118
75 23 46.4624
76 23 46.6134
77 23 46.7647
78 23 46.916
79 23 47.0672
80 23 47.2183
81 23 47.369
82 23 47.5193
83 23 47.6691
84 23 47.8185
85 23 47.9673
86 23 48.1155
87 23 48.2631
88 23 48.4102
89 23 48.5567
90 23 48.7027
91 23 48.8482
92 23 48.9932
93 23 49.1379
94 23 49.2821
95 23 49.4261
96 23 49.5698
97 23 49.7133
98 23 49.8567
99 23 50
0 24 50
1 24 49.8553
2 24 49.7104
3 24 49.5655
4 24 49.4203
5 24 49.2748
6 24 49.1289
7 24 48.9826
8 24 48.8358
9 24 48.6885
10 24 48.5405
11 24 48.3919
12 24 48.2426
13 24 48.0926
14 24 47.9418
15 24 47.7903
16 24 47.638
17 24 47.4849
18 24 47.3311
19 24 47.1767
20 24 47.0216
21 24 46.8659
22 24 46.7099
23 24 46.5535
24 24 46.3969
25 24 46.2404
26 24 46.084
27 24 45.9282
28 24 45.7731
29 24 45.619
30 24 45.4664
31 24 45.3156
32 24 45.167
33 24 45.0212
34 24 44.8786
35 24 44.7398
36 24 44.6054
37 24 44.4761
38 24 44.3525
39 24 44.2354
40 24 44.1253
41 24 44.0231
42 24 43.9294
43 24 43.845
44 24 43.7704
45 24 43.7063
46 24 43.6533
47 24 43.6118
48 24 43.5822
49 24 43.5647
50 24 43.5596
51 24 43.5669
52 24 43.5865
53 24 43.6183
54 24 43.662
55 24 43.7172
56 24 43.7835
57 24 43.8603
58 24 43.9469
59 24 44.0428
60 24 44.1473
61 24 44.2596
62 24 44.3791
63 24 44.505
64 24 44.6367
65 24 44.7734
66 24 44.9146
67 24 45.0596
68 24 45.2079
69 24 45.359
70 24 45.5124
71 24 45.6676
72 24 45.8242
73 24 45.982
74 24 46.1406
75 24 46.2997
76 24 46.459
77 24 46.6185
78 24 46.7778
79 24 46.9368
80 24 47.0955
81 24 47.2537
82 24 47.4113
83 24 47.5683
84 24 47.7246
85 24 47.8803
86 24 48.0352
87 24 48.1895
88 24 48.3431
89 24 48.496
90 24 48.6484
91 24 48.8001
92 24 48.9513
93 24 49.102
94 24 49.2524
95 24 49.4023
96 24 49.552
97 24 49.7015
98 24 49.8508
99 24 50
0 25 50
1 25 49.8496
2 25 49.6992
3 25 49.5486
4 25 49.3977
5 25 49.2465
6 25 49.0949
7 25 48.9428
8 25 48.7902
9 25 48.6369
10 25 48.4829
11 25 48.3282
12 25 48.1726
13 25 48.0162
14 25 47.859
15 25 47.7008
16 25 47.5418
17 25 47.3818
18 25 47.221
19 25 47.0592
20 25 46.8967
21 25 46.7335
22 25 46.5696
23 25 46.4052
24 25 46.2404
25 25 46.0754
26 25 45.9104
27 25 45.7457
28 25 45.5815
29 25 45.4183
30 25 45.2562
31 25 45.0958
32 25 44.9375
33 25 44.7819
34 25 44.6294
35 25 44.4808
36 25 44.3366
37 25 44.1975
38 25 44.0644
39 25 43.938
40 25 43.819
41 25 43.7083
42 25 43.6066
43 25 43.5149
44 25 43.4337
45 25 43.3639
46 25 43.306
47 25 43.2607
48 25 43.2282
49 25 43.2091
50 25 43.2035
51 25 43.2114
52 25 43.2327
53 25 43.2674
54 25 43.315
55 25 43.3751
56 25 43.4472
57 25 43.5307
58 25 43.6247
59 25 43.7287
60 25 43.8417
61 25 43.9631
62 25 44.0919
63 25 44.2274
64 25 44.3689
65 25 44.5155
66 25 44.6667
67 25 44.8216
68 25 44.9798
69 25 45.1407
70 25 45.3037
71 25 45.4685
72 25 45.6345
73 25 45.8014
74 25 45.9689
75 25 46.1367
76 25 46.3046
77 25 46.4724
78 25 46.6398
79 25 46.8068
80 25 46.9732
81 25 47.1389
82 25 47.3039
83 25 47.4681
84 25 47.6315
85 25 47.794
86 25 47.9557
87 25 48.1166
88 25 48.2767
89 25 48.436
90 25 48.5946
91 25 48.7526
92 25 48.9099
93 25 49.0667
94 25 49.223
95 25 49.3789
96 25 49.5344
97 25 49.6898
98 25 49.8449
99 25 50
0 26 50
1 26 49.8441
2 26 49.6881
3 26 49.532
4 26 49.3755
5 26 49.2187
6 26 49.0614
7 26 48.9036
8 26 48.7451
9 26 48.586
10 26 48.426
11 26 48.2652
12 26 48.1035
13 26 47.9408
14 26 47.7771
15 26 47.6123
16 26 47.4465
17 26 47.2796
18 26 47.1116
19 26 46.9426
20 26 46.7726
21 26 46.6016
22 26 46.4298
23 26 46.2572
24 26 46.084
25 26 45.9104
26 26 45.7366
27 26 45.5627
28 26 45.3892
29 26 45.2163
30 26 45.0444
31 26 44.874
32 26 44.7055
33 26 44.5394
34 26 44.3765
35 26 44.2173
36 26 44.0626
37 26 43.9131
38 26 43.7697
39 26 43.6331
40 26 43.5044
41 26 43.3844
42 26 43.274
43 26 43.1742
44 26 43.0857
45 26 43.0095
46 26 42.9463
47 26 42.8966
48 26 42.8611
49 26 42.8401
50 26 42.8338
51 26 42.8424
52 26 42.8657
53 26 42.9035
54 26 42.9555
55 26 43.0211
56 26 43.0997
57 26 43.1905
58 26 43.2927
59 26 43.4054
60 26 43.5279
61 26 43.659
62 26 43.798
63 26 43.9439
64 26 44.0959
65 26 44.2532
66 26 44.4149
67 26 44.5805
68 26 44.7491
69 26 44.9203
70 26 45.0934
71 26 45.2681
72 26 45.4438
73 26 45.6202
74 26 45.7969
75 26 45.9737
76 26 46.1504
77 26 46.3266
78 26 46.5024
79 26 46.6774
80 26 46.8516
81 26 47.0249
82 26 47.1973
83 26 47.3688
84 26 47.5392
85 26 47.7086
86 26 47.8771
87 26 48.0445
88 26 48.2111
89 26 48.3767
90 26 48.5416
91 26 48.7056
92 26 48.869
93 26 49.0318
94 26 49.194
95 26 49.3557
96 26 49.5171
97 26 49.6782
98 26 49.8392
99 26 50
0 27 50
1 27 49.8387
2 27 49.6773
3 27 49.5156
4 27 49.3537
5 27 49.1914
6 27 49.0285
7 27 48.865
8 27 48.7008
9 27 48.5358
10 27 48.37
11 27 48.2031
12 27 48.0353
13 27 47.8663
14 27 47.6962
15 27 47.5249
16 27 47.3523
17 27 47.1785
18 27 47.0034
19 27 46.8271
20 27 46.6495
21 27 46.4707
22 27 46.2908
23 27 46.11
24 27 45.9282
25 27 45.7457
26 27 45.5627
27 27 45.3794
28 27 45.1962
29 27 45.0133
30 27 44.8312
31 27 44.6502
32 27 44.4709
33 27 44.294
34 27 44.1199
35 27 43.9495
36 27 43.7834
37 27 43.6227
38 27 43.468
39 27 43.3205
40 27 43.1812
41 27 43.0509
42 27 42.9309
43 27 42.8221
44 27 42.7256
45 27 42.6422
46 27 42.5729
47 27 42.5185
48 27 42.4794
49 27 42.4563
50 27 42.4494
51 27 42.4587
52 27 42.4842
53 27 42.5256
54 27 42.5825
55 27 42.6541
56 27 42.7399
57 27 42.8389
58 27 42.9501
59 27 43.0726
60 27 43.2053
61 27 43.3472
62 27 43.4972
63 27 43.6544
64 27 43.8178
65 27 43.9864
66 27 44.1595
67 27 44.3362
68 27 44.5159
69 27 44.6979
70 27 44.8817
71 27 45.0667
72 27 45.2525
73 27 45.4387
74 27 45.6249
75 27 45.811
76 27 45.9966
77 27 46.1815
78 27 46.3656
79 27 46.5488
80 27 46.7309
81 27 46.9119
82 27 47.0918
83 27 47.2704
84 27 47.4479
85 27 47.6242
86 27 47.7994
87 27 47.9734
88 27 48.1463
89 27 48.3183
90 27 48.4893
91 27 48.6594
92 27 48.8288
93 27 48.9974
94 27 49.1655
95 27 49.333
96 27 49.5001
97 27 49.6669
98 27 49.8335
99 27 50
0 28 50
1 28 49.8334
2 28 49.6666
3 28 49.4996
4 28 49.3323
5 28 49.1645
6 28 48.9962
7 28 48.8271
8 28 48.6573
9 28 48.4866
10 28 48.3149
11 28 48.1421
12 28 47.9682
13 28 47.7931
14 28 47.6166
15 28 47.4387
16 28 47.2594
17 28 47.0787
18 28 46.8965
19 28 46.7128
20 28 46.5276
21 28 46.3409
22 28 46.1529
23 28 45.9636
24 28 45.7731
25 28 45.5815
26 28 45.3892
27 28 45.1962
28 28 45.0029
29 28 44.8096
30 28 44.6168
31 28 44.4248
32 28 44.2342
33 28 44.0456
34 28 43.8597
35 28 43.6772
36 28 43.4991
37 28 43.3261
38 28 43.1593
39 28 42.9999
40 28 42.8488
41 28 42.7073
42 28 42.5766
43 28 42.4578
44 28 42.3522
45 28 42.2609
46 28 42.1848
47 28 42.1249
48 28 42.0819
49 28 42.0564
50 28 42.0487
51 28 42.0588
52 28 42.0868
53 28 42.1323
54 28 42.1946
55 28 42.2731
56 28 42.367
57 28 42.4751
58 28 42.5963
59 28 42.7296
60 28 42.8736
61 28 43.0273
62 28 43.1893
63 28 43.3587
64 28 43.5343
65 28 43.7152
66 28 43.9004
67 28 44.089
68 28 44.2804
69 28 44.4738
70 28 44.6687
71 28 44.8645
72 28 45.0608
73 28 45.2571
74 28 45.4532
75 28 45.6487
76 28 45.8434
77 28 46.0372
78 28 46.2298
79 28 46.4212
80 28 46.6113
81 28 46.8001
82 28 46.9874
83 28 47.1733
84 28 47.3579
85 28 47.541
86 28 47.7228
87 28 47.9033
88 28 48.0826
89 28 48.2608
90 28 48.4379
91 28 48.614
92 28 48.7892
93 28 48.9637
94 28 49.1374
95 28 49.3106
96 28 49.4834
97 28 49.6558
98 28 49.828
99 28 50
0 29 50
1 29 49.8282
2 29 49.6562
3 29 49.484
4 29 49.3114
5 29 49.1383
6 29 48.9645
7 29 48.7901
8 29 48.6147
9 29 48.4384
10 29 48.261
11 29 48.0823
12 29 47.9024
13 29 47.7211
14 29 47.5383
15 29 47.354
16 29 47.168
17 29 46.9804
18 29 46.791
19 29 46.5999
20 29 46.4071
21 29 46.2125
22 29 46.0163
23 29 45.8184
24 29 45.619
25 29 45.4183
26 29 45.2163
27 29 45.0133
28 29 44.8096
29 29 44.6056
30 29 44.4015
31 29 44.198
32 29 43.9954
33 29 43.7946
34 29 43.5961
35 29 43.4007
36 29 43.2095
37 29 43.0234
38 29 42.8434
39 29 42.6708
40 29 42.5069
41 29 42.3529
42 29 42.2103
43 29 42.0804
44 29 41.9647
45 29 41.8643
46 29 41.7806
47 29 41.7145
48 29 41.667
49 29 41.6387
50 29 41.6301
51 29 41.6412
52 29 41.672
53 29 41.722
54 29 41.7906
55 29 41.8769
56 29 41.9798
57 29 42.0981
58 29 42.2306
59 29 42.3758
60 29 42.5324
61 29 42.699
62 29 42.8742
63 29 43.0568
64 29 43.2457
65 29 43.4397
66 29 43.6378
67 29 43.8392
68 29 44.0429
69 29 44.2483
70 29 44.4549
71 29 44.6619
72 29 44.869
73 29 45.0758
74 29 45.282
75 29 45.4872
76 29 45.6913
77 29 45.894
78 29 46.0953
79 29 46.295
80 29 46.4932
81 29 46.6897
82 29 46.8845
83 29 47.0776
84 29 47.2692
85 29 47.4591
86 29 47.6475
87 29 47.8345
88 29 48.0201
89 29 48.2044
90 29 48.3875
91 29 48.5695
92 29 48.7505
93 29 48.9306
94 29 49.11
95 29 49.2888
96 29 49.467
97 29 49.6449
98 29 49.8225
99 29 50
0 30 50
1 30 49.8231
2 30 49.646
3 30 49.4687
4 30 49.2909
5 30 49.1126
6 30 48.9337
7 30 48.7539
8 30 48.5731
9 30 48.3913
10 30 48.2082
11 30 48.0238
12 30 47.838
13 30 47.6507
14 30 47.4617
15 30 47.2709
16 30 47.0783
17 30 46.8838
18 30 46.6874
19 30 46.4889
20 30 46.2884
21 30 46.0859
22 30 45.8813
23 30 45.6748
24 30 45.4664
25 30 45.2562
26 30 45.0444
27 30 44.8312
