0 0 50
1 0 50
2 0 50
3 0 50
4 0 50
5 0 50
6 0 50
7 0 50
8 0 50
9 0 50
10 0 50
11 0 50
12 0 50
13 0 50
14 0 50
15 0 50
16 0 50
17 0 50
18 0 50
19 0 50
20 0 50
21 0 50
22 0 50
23 0 50
24 0 50
25 0 50
26 0 50
27 0 50
28 0 50
29 0 50
30 0 50
31 0 50
32 0 50
33 0 50
34 0 50
35 0 50
36 0 50
37 0 50
38 0 50
39 0 50
40 0 50
41 0 50
42 0 50
43 0 50
44 0 50
45 0 50
46 0 50
47 0 50
48 0 50
49 0 50
50 0 50
51 0 50
52 0 50
53 0 50
54 0 50
55 0 50
56 0 50
57 0 50
58 0 50
59 0 50
60 0 50
61 0 50
62 0 50
63 0 50
64 0 50
65 0 50
66 0 50
67 0 50
68 0 50
69 0 50
70 0 50
71 0 50
72 0 50
73 0 50
74 0 50
75 0 50
76 0 50
77 0 50
78 0 50
79 0 50
80 0 50
81 0 50
82 0 50
83 0 50
84 0 50
85 0 50
86 0 50
87 0 50
88 0 50
89 0 50
90 0 50
91 0 50
92 0 50
93 0 50
94 0 50
95 0 50
96 0 50
97 0 50
98 0 50
99 0 50
0 1 50
1 1 49.9939
2 1 49.9878
3 1 49.9817
4 1 49.9756
5 1 49.9695
6 1 49.9634
7 1 49.9573
8 1 49.9512
9 1 49.9451
10 1 49.939
11 1 49.9329
12 1 49.9268
13 1 49.9207
14 1 49.9147
15 1 49.9087
16 1 49.9026
17 1 49.8966
18 1 49.8907
19 1 49.8847
20 1 49.8788
21 1 49.873
22 1 49.8672
23 1 49.8614
24 1 49.8558
25 1 49.8502
26 1 49.8447
27 1 49.8392
28 1 49.8339
29 1 49.8287
30 1 49.8237
31 1 49.8187
32 1 49.814
33 1 49.8094
34 1 49.8049
35 1 49.8007
36 1 49.7967
37 1 49.7928
38 1 49.7892
39 1 49.7859
40 1 49.7828
41 1 49.7799
42 1 49.7774
43 1 49.7751
44 1 49.7731
45 1 49.7714
46 1 49.77
47 1 49.7689
48 1 49.7682
49 1 49.7677
50 1 49.7676
51 1 49.7678
52 1 49.7684
53 1 49.7692
54 1 49.7704
55 1 49.7719
56 1 49.7737
57 1 49.7758
58 1 49.7781
59 1 49.7808
60 1 49.7838
61 1 49.787
62 1 49.7904
63 1 49.7941
64 1 49.7981
65 1 49.8022
66 1 49.8065
67 1 49.8111
68 1 49.8158
69 1 49.8207
70 1 49.8257
71 1 49.8309
72 1 49.8362
73 1 49.8416
74 1 49.8472
75 1 49.8528
76 1 49.8585
77 1 49.8643
78 1 49.8702
79 1 49.8761
80 1 49.8821
81 1 49.8881
82 1 49.8942
83 1 49.9003
84 1 49.9064
85 1 49.9126
86 1 49.9188
87 1 49.925
88 1 49.9312
89 1 49.9374
90 1 49.9437
91 1 49.9499
92 1 49.9562
93 1 49.9624
94 1 49.9687
95 1 49.9749
96 1 49.9812
97 1 49.9875
98 1 49.9937
99 1 50
0 2 50
1 2 49.9878
2 2 49.9756
3 2 49.9634
4 2 49.9512
5 2 49.939
6 2 49.9268
7 2 49.9145
8 2 49.9023
9 2 49.8902
10 2 49.878
11 2 49.8658
12 2 49.8536
13 2 49.8415
14 2 49.8294
15 2 49.8173
16 2 49.8052
17 2 49.7932
18 2 49.7813
19 2 49.7694
20 2 49.7576
21 2 49.7459
22 2 49.7343
23 2 49.7228
24 2 49.7114
25 2 49.7002
26 2 49.6892
27 2 49.6784
28 2 49.6677
29 2 49.6573
30 2 49.6472
31 2 49.6373
32 2 49.6278
33 2 49.6186
34 2 49.6097
35 2 49.6012
36 2 49.5931
37 2 49.5854
38 2 49.5782
39 2 49.5715
40 2 49.5653
41 2 49.5596
42 2 49.5545
43 2 49.5499
44 2 49.5459
45 2 49.5425
46 2 49.5397
47 2 49.5376
48 2 49.536
49 2 49.5352
50 2 49.5349
51 2 49.5354
52 2 49.5364
53 2 49.5381
54 2 49.5405
55 2 49.5435
56 2 49.547
57 2 49.5512
58 2 49.556
59 2 49.5614
60 2 49.5673
61 2 49.5737
62 2 49.5806
63 2 49.588
64 2 49.5959
65 2 49.6042
66 2 49.6129
67 2 49.622
68 2 49.6314
69 2 49.6412
70 2 49.6513
71 2 49.6617
72 2 49.6723
73 2 49.6831
74 2 49.6942
75 2 49.7055
76 2 49.7169
77 2 49.7285
78 2 49.7403
79 2 49.7522
80 2 49.7641
81 2 49.7762
82 2 49.7883
83 2 49.8006
84 2 49.8128
85 2 49.8252
86 2 49.8375
87 2 49.85
88 2 49.8624
89 2 49.8748
90 2 49.8873
91 2 49.8998
92 2 49.9123
93 2 49.9248
94 2 49.9374
95 2 49.9499
96 2 49.9624
97 2 49.9749
98 2 49.9875
99 2 50
0 3 50
1 3 49.9817
2 3 49.9634
3 3 49.9451
4 3 49.9267
5 3 49.9084
6 3 49.8901
7 3 49.8718
8 3 49.8535
9 3 49.8352
10 3 49.8169
11 3 49.7987
12 3 49.7804
13 3 49.7622
14 3 49.744
15 3 49.7259
16 3 49.7078
17 3 49.6898
18 3 49.6719
19 3 49.654
20 3 49.6363
21 3 49.6187
22 3 49.6013
23 3 49.584
24 3 49.567
25 3 49.5501
26 3 49.5336
27 3 49.5173
28 3 49.5013
29 3 49.4857
30 3 49.4705
31 3 49.4556
32 3 49.4413
33 3 49.4274
34 3 49.4141
35 3 49.4013
36 3 49.3891
37 3 49.3776
38 3 49.3668
39 3 49.3566
40 3 49.3473
41 3 49.3387
42 3 49.331
43 3 49.3241
44 3 49.3181
45 3 49.313
46 3 49.3088
47 3 49.3055
48 3 49.3032
49 3 49.3019
50 3 49.3016
51 3 49.3022
52 3 49.3038
53 3 49.3064
54 3 49.3099
55 3 49.3144
56 3 49.3198
57 3 49.3261
58 3 49.3333
59 3 49.3414
60 3 49.3502
61 3 49.3599
62 3 49.3703
63 3 49.3815
64 3 49.3933
65 3 49.4058
66 3 49.4189
67 3 49.4325
68 3 49.4467
69 3 49.4614
70 3 49.4766
71 3 49.4922
72 3 49.5081
73 3 49.5245
74 3 49.5411
75 3 49.558
76 3 49.5752
77 3 49.5926
78 3 49.6103
79 3 49.6281
80 3 49.6461
81 3 49.6642
82 3 49.6824
83 3 49.7008
84 3 49.7192
85 3 49.7377
86 3 49.7563
87 3 49.7749
88 3 49.7936
89 3 49.8122
90 3 49.831
91 3 49.8497
92 3 49.8685
93 3 49.8872
94 3 49.906
95 3 49.9248
96 3 49.9436
97 3 49.9624
98 3 49.9812
99 3 50
0 4 50
1 4 49.9756
2 4 49.9512
3 4 49.9267
4 4 49.9023
5 4 49.8779
6 4 49.8535
7 4 49.8291
8 4 49.8047
9 4 49.7803
10 4 49.7559
11 4 49.7315
12 4 49.7072
13 4 49.6829
14 4 49.6586
15 4 49.6344
16 4 49.6103
17 4 49.5862
18 4 49.5623
19 4 49.5385
20 4 49.5149
21 4 49.4914
22 4 49.4681
23 4 49.4451
24 4 49.4223
25 4 49.3998
26 4 49.3777
27 4 49.3559
28 4 49.3345
29 4 49.3137
30 4 49.2933
31 4 49.2735
32 4 49.2543
33 4 49.2357
34 4 49.2179
35 4 49.2008
36 4 49.1845
37 4 49.1691
38 4 49.1546
39 4 49.141
40 4 49.1285
41 4 49.117
42 4 49.1066
43 4 49.0974
44 4 49.0893
45 4 49.0825
46 4 49.0769
47 4 49.0726
48 4 49.0695
49 4 49.0677
50 4 49.0673
51 4 49.0681
52 4 49.0703
53 4 49.0737
54 4 49.0784
55 4 49.0844
56 4 49.0917
57 4 49.1001
58 4 49.1098
59 4 49.1205
60 4 49.1324
61 4 49.1453
62 4 49.1593
63 4 49.1742
64 4 49.19
65 4 49.2067
66 4 49.2243
67 4 49.2425
68 4 49.2615
69 4 49.2812
70 4 49.3014
71 4 49.3223
72 4 49.3436
73 4 49.3654
74 4 49.3877
75 4 49.4103
76 4 49.4333
77 4 49.4565
78 4 49.4801
79 4 49.5039
80 4 49.5279
81 4 49.5521
82 4 49.5764
83 4 49.6009
84 4 49.6255
85 4 49.6502
86 4 49.6749
87 4 49.6998
88 4 49.7247
89 4 49.7496
90 4 49.7746
91 4 49.7996
92 4 49.8246
93 4 49.8496
94 4 49.8747
95 4 49.8997
96 4 49.9248
97 4 49.9499
98 4 49.9749
99 4 50
0 5 50
1 5 49.9695
2 5 49.939
3 5 49.9084
4 5 49.8779
5 5 49.8474
6 5 49.8169
7 5 49.7863
8 5 49.7558
9 5 49.7253
10 5 49.6948
11 5 49.6643
12 5 49.6339
13 5 49.6035
14 5 49.5732
15 5 49.5429
16 5 49.5127
17 5 49.4826
18 5 49.4527
19 5 49.4229
20 5 49.3932
21 5 49.3638
22 5 49.3347
23 5 49.3058
24 5 49.2773
25 5 49.2491
26 5 49.2214
27 5 49.1941
28 5 49.1673
29 5 49.1411
30 5 49.1156
31 5 49.0907
32 5 49.0666
33 5 49.0433
34 5 49.0209
35 5 48.9994
36 5 48.979
37 5 48.9596
38 5 48.9414
39 5 48.9244
40 5 48.9086
41 5 48.8942
42 5 48.8812
43 5 48.8696
44 5 48.8594
45 5 48.8508
46 5 48.8438
47 5 48.8383
48 5 48.8344
49 5 48.8322
50 5 48.8316
51 5 48.8327
52 5 48.8354
53 5 48.8397
54 5 48.8457
55 5 48.8532
56 5 48.8623
57 5 48.8729
58 5 48.8851
59 5 48.8986
60 5 48.9135
61 5 48.9298
62 5 48.9473
63 5 48.966
64 5 48.9859
65 5 49.0069
66 5 49.0289
67 5 49.0518
68 5 49.0757
69 5 49.1003
70 5 49.1258
71 5 49.1519
72 5 49.1786
73 5 49.206
74 5 49.2339
75 5 49.2622
76 5 49.291
77 5 49.3202
78 5 49.3497
79 5 49.3795
80 5 49.4095
81 5 49.4398
82 5 49.4703
83 5 49.5009
84 5 49.5317
85 5 49.5626
86 5 49.5936
87 5 49.6246
88 5 49.6558
89 5 49.687
90 5 49.7182
91 5 49.7494
92 5 49.7807
93 5 49.812
94 5 49.8433
95 5 49.8747
96 5 49.906
97 5 49.9373
98 5 49.9687
99 5 50
0 6 50
1 6 49.9634
2 6 49.9268
3 6 49.8901
4 6 49.8535
5 6 49.8169
6 6 49.7802
7 6 49.7436
8 6 49.707
9 6 49.6703
10 6 49.6337
11 6 49.5971
12 6 49.5606
13 6 49.5241
14 6 49.4876
15 6 49.4513
16 6 49.415
17 6 49.3788
18 6 49.3428
19 6 49.307
20 6 49.2714
21 6 49.2361
22 6 49.201
23 6 49.1663
24 6 49.1319
25 6 49.098
26 6 49.0646
27 6 49.0317
28 6 48.9995
29 6 48.968
30 6 48.9372
31 6 48.9072
32 6 48.8781
33 6 48.85
34 6 48.823
35 6 48.7971
36 6 48.7724
37 6 48.749
38 6 48.727
39 6 48.7065
40 6 48.6874
41 6 48.67
42 6 48.6543
43 6 48.6402
44 6 48.628
45 6 48.6176
46 6 48.609
47 6 48.6024
48 6 48.5978
49 6 48.5951
50 6 48.5944
51 6 48.5957
52 6 48.5989
53 6 48.6042
54 6 48.6114
55 6 48.6205
56 6 48.6315
57 6 48.6443
58 6 48.6589
59 6 48.6753
60 6 48.6933
61 6 48.7129
62 6 48.7341
63 6 48.7567
64 6 48.7807
65 6 48.806
66 6 48.8326
67 6 48.8602
68 6 48.889
69 6 48.9187
70 6 48.9494
71 6 48.9808
72 6 49.0131
73 6 49.046
74 6 49.0796
75 6 49.1137
76 6 49.1484
77 6 49.1834
78 6 49.2189
79 6 49.2548
80 6 49.2909
81 6 49.3273
82 6 49.3639
83 6 49.4008
84 6 49.4377
85 6 49.4749
86 6 49.5121
87 6 49.5494
88 6 49.5868
89 6 49.6243
90 6 49.6618
91 6 49.6993
92 6 49.7368
93 6 49.7744
94 6 49.812
95 6 49.8496
96 6 49.8872
97 6 49.9248
98 6 49.9624
99 6 50
0 7 50
1 7 49.9573
2 7 49.9145
3 7 49.8718
4 7 49.8291
5 7 49.7863
6 7 49.7436
7 7 49.7008
8 7 49.6581
9 7 49.6154
10 7 49.5726
11 7 49.5299
12 7 49.4872
13 7 49.4446
14 7 49.402
15 7 49.3595
16 7 49.3172
17 7 49.2749
18 7 49.2328
19 7 49.191
20 7 49.1493
21 7 49.108
22 7 49.067
23 7 49.0263
24 7 48.9861
25 7 48.9464
26 7 48.9073
27 7 48.8688
28 7 48.831
29 7 48.794
30 7 48.7579
31 7 48.7228
32 7 48.6886
33 7 48.6557
34 7 48.6239
35 7 48.5935
36 7 48.5645
37 7 48.5371
38 7 48.5112
39 7 48.487
40 7 48.4647
41 7 48.4442
42 7 48.4256
43 7 48.4091
44 7 48.3947
45 7 48.3824
46 7 48.3724
47 7 48.3646
48 7 48.3591
49 7 48.3559
50 7 48.3551
51 7 48.3566
52 7 48.3605
53 7 48.3666
54 7 48.3751
55 7 48.3858
56 7 48.3987
57 7 48.4138
58 7 48.431
59 7 48.4503
60 7 48.4715
61 7 48.4946
62 7 48.5194
63 7 48.546
64 7 48.5742
65 7 48.6039
66 7 48.6351
67 7 48.6676
68 7 48.7013
69 7 48.7362
70 7 48.7721
71 7 48.809
72 7 48.8468
73 7 48.8854
74 7 48.9247
75 7 48.9647
76 7 49.0053
77 7 49.0463
78 7 49.0879
79 7 49.1298
80 7 49.172
81 7 49.2146
82 7 49.2574
83 7 49.3005
84 7 49.3437
85 7 49.387
86 7 49.4305
87 7 49.4741
88 7 49.5178
89 7 49.5615
90 7 49.6053
91 7 49.6491
92 7 49.6929
93 7 49.7368
94 7 49.7806
95 7 49.8245
96 7 49.8684
97 7 49.9122
98 7 49.9561
99 7 50
0 8 50
1 8 49.9512
2 8 49.9023
3 8 49.8535
4 8 49.8047
5 8 49.7558
6 8 49.707
7 8 49.6581
8 8 49.6092
9 8 49.5604
10 8 49.5115
11 8 49.4626
12 8 49.4138
13 8 49.365
14 8 49.3163
15 8 49.2677
16 8 49.2192
17 8 49.1708
18 8 49.1226
19 8 49.0747
20 8 49.027
21 8 48.9796
22 8 48.9325
23 8 48.8859
24 8 48.8398
25 8 48.7943
26 8 48.7493
27 8 48.7051
28 8 48.6617
29 8 48.6192
30 8 48.5777
31 8 48.5373
32 8 48.498
33 8 48.4601
34 8 48.4236
35 8 48.3886
36 8 48.3552
37 8 48.3235
38 8 48.2937
39 8 48.2658
40 8 48.24
41 8 48.2164
42 8 48.195
43 8 48.1759
44 8 48.1592
45 8 48.1451
46 8 48.1335
47 8 48.1245
48 8 48.1182
49 8 48.1145
50 8 48.1135
51 8 48.1153
52 8 48.1197
53 8 48.1268
54 8 48.1366
55 8 48.1489
56 8 48.1639
57 8 48.1813
58 8 48.2011
59 8 48.2233
60 8 48.2478
61 8 48.2744
62 8 48.3031
63 8 48.3337
64 8 48.3662
65 8 48.4004
66 8 48.4363
67 8 48.4737
68 8 48.5125
69 8 48.5526
70 8 48.5939
71 8 48.6363
72 8 48.6798
73 8 48.7241
74 8 48.7692
75 8 48.8151
76 8 48.8617
77 8 48.9088
78 8 48.9564
79 8 49.0044
80 8 49.0529
81 8 49.1016
82 8 49.1507
83 8 49.2
84 8 49.2495
85 8 49.2991
86 8 49.3489
87 8 49.3987
88 8 49.4487
89 8 49.4987
90 8 49.5488
91 8 49.5989
92 8 49.649
93 8 49.6991
94 8 49.7493
95 8 49.7994
96 8 49.8496
97 8 49.8997
98 8 49.9499
99 8 50
0 9 50
1 9 49.9451
2 9 49.8902
3 9 49.8352
4 9 49.7803
5 9 49.7253
6 9 49.6703
7 9 49.6154
8 9 49.5604
9 9 49.5053
10 9 49.4503
11 9 49.3953
12 9 49.3404
13 9 49.2854
14 9 49.2306
15 9 49.1758
16 9 49.1211
17 9 49.0666
18 9 49.0122
19 9 48.9581
20 9 48.9043
21 9 48.8508
22 9 48.7977
23 9 48.745
24 9 48.6929
25 9 48.6414
26 9 48.5907
27 9 48.5407
28 9 48.4916
29 9 48.4434
30 9 48.3964
31 9 48.3506
32 9 48.3062
33 9 48.2631
34 9 48.2217
35 9 48.1819
36 9 48.144
37 9 48.1081
38 9 48.0742
39 9 48.0425
40 9 48.0132
41 9 47.9863
42 9 47.9619
43 9 47.9403
44 9 47.9213
45 9 47.9052
46 9 47.892
47 9 47.8817
48 9 47.8745
49 9 47.8703
50 9 47.8692
51 9 47.8712
52 9 47.8762
53 9 47.8843
54 9 47.8954
55 9 47.9095
56 9 47.9265
57 9 47.9463
58 9 47.9689
59 9 47.9941
60 9 48.0219
61 9 48.0522
62 9 48.0847
63 9 48.1195
64 9 48.1564
65 9 48.1953
66 9 48.236
67 9 48.2784
68 9 48.3224
69 9 48.3678
70 9 48.4146
71 9 48.4627
72 9 48.5118
73 9 48.562
74 9 48.613
75 9 48.6649
76 9 48.7175
77 9 48.7707
78 9 48.8245
79 9 48.8787
80 9 48.9334
81 9 48.9884
82 9 49.0437
83 9 49.0993
84 9 49.1551
85 9 49.211
86 9 49.2671
87 9 49.3233
88 9 49.3796
89 9 49.4359
90 9 49.4922
91 9 49.5486
92 9 49.605
93 9 49.6615
94 9 49.7179
95 9 49.7743
96 9 49.8307
97 9 49.8872
98 9 49.9436
99 9 50
0 10 50
1 10 49.939
2 10 49.878
3 10 49.8169
4 10 49.7559
5 10 49.6948
6 10 49.6337
7 10 49.5726
8 10 49.5115
9 10 49.4503
10 10 49.3892
11 10 49.328
12 10 49.2669
13 10 49.2058
14 10 49.1447
15 10 49.0837
16 10 49.0228
17 10 48.9621
18 10 48.9016
19 10 48.8413
20 10 48.7813
21 10 48.7216
22 10 48.6624
23 10 48.6036
24 10 48.5455
25 10 48.4879
26 10 48.4312
27 10 48.3753
28 10 48.3204
29 10 48.2665
30 10 48.2139
31 10 48.1626
32 10 48.1128
33 10 48.0646
34 10 48.0181
35 10 47.9735
36 10 47.931
37 10 47.8906
38 10 47.8525
39 10 47.8169
40 10 47.7839
41 10 47.7537
42 10 47.7263
43 10 47.7019
44 10 47.6805
45 10 47.6624
46 10 47.6475
47 10 47.636
48 10 47.6278
49 10 47.6231
50 10 47.6218
51 10 47.624
52 10 47.6297
53 10 47.6388
54 10 47.6513
55 10 47.6672
56 10 47.6863
57 10 47.7086
58 10 47.734
59 10 47.7624
60 10 47.7936
61 10 47.8276
62 10 47.8642
63 10 47.9033
64 10 47.9447
65 10 47.9883
66 10 48.0339
67 10 48.0815
68 10 48.1308
69 10 48.1817
70 10 48.2341
71 10 48.2879
72 10 48.3428
73 10 48.3989
74 10 48.456
75 10 48.5139
76 10 48.5727
77 10 48.6321
78 10 48.6921
79 10 48.7526
80 10 48.8135
81 10 48.8749
82 10 48.9365
83 10 48.9984
84 10 49.0605
85 10 49.1228
86 10 49.1852
87 10 49.2478
88 10 49.3104
89 10 49.373
90 10 49.4357
91 10 49.4984
92 10 49.5611
93 10 49.6238
94 10 49.6865
95 10 49.7492
96 10 49.8119
97 10 49.8746
98 10 49.9373
99 10 50
0 11 50
1 11 49.9329
2 11 49.8658
3 11 49.7987
4 11 49.7315
5 11 49.6643
6 11 49.5971
7 11 49.5299
8 11 49.4626
9 11 49.3953
10 11 49.328
11 11 49.2607
12 11 49.1934
13 11 49.126
14 11 49.0588
15 11 48.9916
16 11 48.9245
17 11 48.8575
18 11 48.7907
19 11 48.7242
20 11 48.6579
21 11 48.592
22 11 48.5266
23 11 48.4616
24 11 48.3973
25 11 48.3337
26 11 48.2709
27 11 48.209
28 11 48.1481
29 11 48.0885
30 11 48.0301
31 11 47.9732
32 11 47.9178
33 11 47.8643
34 11 47.8126
35 11 47.763
36 11 47.7157
37 11 47.6708
38 11 47.6284
39 11 47.5887
40 11 47.552
41 11 47.5182
42 11 47.4877
43 11 47.4604
44 11 47.4366
45 11 47.4163
46 11 47.3997
47 11 47.3868
48 11 47.3777
49 11 47.3724
50 11 47.371
51 11 47.3734
52 11 47.3798
53 11 47.3899
54 11 47.4039
55 11 47.4216
56 11 47.4429
57 11 47.4678
58 11 47.4961
59 11 47.5277
60 11 47.5626
61 11 47.6004
62 11 47.6412
63 11 47.6847
64 11 47.7308
65 11 47.7792
66 11 47.83
67 11 47.8828
68 11 47.9376
69 11 47.9941
70 11 48.0522
71 11 48.1118
72 11 48.1728
73 11 48.2349
74 11 48.2981
75 11 48.3622
76 11 48.4272
77 11 48.4928
78 11 48.5592
79 11 48.626
80 11 48.6933
81 11 48.761
82 11 48.829
83 11 48.8973
84 11 48.9658
85 11 49.0345
86 11 49.1033
87 11 49.1721
88 11 49.2411
89 11 49.3101
90 11 49.3791
91 11 49.4481
92 11 49.5171
93 11 49.5862
94 11 49.6552
95 11 49.7241
96 11 49.7931
97 11 49.8621
98 11 49.931
99 11 50
0 12 50
1 12 49.9268
2 12 49.8536
3 12 49.7804
4 12 49.7072
5 12 49.6339
6 12 49.5606
7 12 49.4872
8 12 49.4138
9 12 49.3404
10 12 49.2669
11 12 49.1934
12 12 49.1198
13 12 49.0463
14 12 48.9728
15 12 48.8993
16 12 48.8259
17 12 48.7527
18 12 48.6796
19 12 48.6067
20 12 48.5342
21 12 48.462
22 12 48.3903
23 12 48.319
24 12 48.2485
25 12 48.1786
26 12 48.1096
27 12 48.0416
28 12 47.9747
29 12 47.909
30 12 47.8448
31 12 47.7821
32 12 47.7211
33 12 47.6621
34 12 47.6051
35 12 47.5503
36 12 47.498
37 12 47.4484
38 12 47.4015
39 12 47.3576
40 12 47.3169
41 12 47.2796
42 12 47.2457
43 12 47.2155
44 12 47.1891
45 12 47.1666
46 12 47.1482
47 12 47.1338
48 12 47.1237
49 12 47.1178
50 12 47.1163
51 12 47.119
52 12 47.126
53 12 47.1372
54 12 47.1527
55 12 47.1723
56 12 47.1959
57 12 47.2235
58 12 47.2549
59 12 47.2899
60 12 47.3285
61 12 47.3704
62 12 47.4154
63 12 47.4635
64 12 47.5144
65 12 47.568
66 12 47.624
67 12 47.6822
68 12 47.7426
69 12 47.8048
70 12 47.8689
71 12 47.9345
72 12 48.0015
73 12 48.0698
74 12 48.1392
75 12 48.2096
76 12 48.2809
77 12 48.353
78 12 48.4257
79 12 48.499
80 12 48.5727
81 12 48.6469
82 12 48.7213
83 12 48.796
84 12 48.8709
85 12 48.946
86 12 49.0212
87 12 49.0965
88 12 49.1718
89 12 49.2471
90 12 49.3225
91 12 49.3978
92 12 49.4732
93 12 49.5485
94 12 49.6238
95 12 49.6991
96 12 49.7743
97 12 49.8496
98 12 49.9248
99 12 50
0 13 50
1 13 49.9207
2 13 49.8415
3 13 49.7622
4 13 49.6829
5 13 49.6035
6 13 49.5241
7 13 49.4446
8 13 49.365
9 13 49.2854
10 13 49.2058
11 13 49.126
12 13 49.0463
13 13 48.9665
14 13 48.8867
15 13 48.8069
16 13 48.7273
17 13 48.6477
18 13 48.5682
19 13 48.489
20 13 48.4101
21 13 48.3315
22 13 48.2534
23 13 48.1758
24 13 48.0989
25 13 48.0227
26 13 47.9474
27 13 47.8731
28 13 47.8
29 13 47.7282
30 13 47.6579
31 13 47.5893
32 13 47.5225
33 13 47.4578
34 13 47.3953
35 13 47.3352
36 13 47.2778
37 13 47.2232
38 13 47.1716
39 13 47.1234
40 13 47.0786
41 13 47.0374
42 13 47.0001
43 13 46.9668
44 13 46.9377
45 13 46.9129
46 13 46.8925
47 13 46.8767
48 13 46.8655
49 13 46.859
50 13 46.8572
51 13 46.8602
52 13 46.8679
53 13 46.8804
54 13 46.8974
55 13 46.919
56 13 46.9451
57 13 46.9755
58 13 47.01
59 13 47.0486
60 13 47.091
61 13 47.1371
62 13 47.1867
63 13 47.2395
64 13 47.2954
65 13 47.3542
66 13 47.4157
67 13 47.4795
68 13 47.5457
69 13 47.6139
70 13 47.6839
71 13 47.7557
72 13 47.8289
73 13 47.9035
74 13 47.9793
75 13 48.0562
76 13 48.1339
77 13 48.2125
78 13 48.2917
79 13 48.3715
80 13 48.4517
81 13 48.5324
82 13 48.6133
83 13 48.6945
84 13 48.7759
85 13 48.8574
86 13 48.9391
87 13 49.0208
88 13 49.1025
89 13 49.1842
90 13 49.2659
91 13 49.3476
92 13 49.4293
93 13 49.5109
94 13 49.5925
95 13 49.674
96 13 49.7555
97 13 49.837
98 13 49.9185
99 13 50
0 14 50
1 14 49.9147
2 14 49.8294
3 14 49.744
4 14 49.6586
5 14 49.5732
6 14 49.4876
7 14 49.402
8 14 49.3163
9 14 49.2306
10 14 49.1447
11 14 49.0588
12 14 48.9728
13 14 48.8867
14 14 48.8006
15 14 48.7145
16 14 48.6285
17 14 48.5425
18 14 48.4567
19 14 48.371
20 14 48.2857
21 14 48.2006
22 14 48.116
23 14 48.032
24 14 47.9485
25 14 47.8659
26 14 47.7842
27 14 47.7035
28 14 47.624
29 14 47.5459
30 14 47.4694
31 14 47.3947
32 14 47.3219
33 14 47.2513
34 14 47.183
35 14 47.1174
36 14 47.0546
37 14 46.9949
38 14 46.9385
39 14 46.8857
40 14 46.8366
41 14 46.7914
42 14 46.7505
43 14 46.7139
44 14 46.6819
45 14 46.6547
46 14 46.6323
47 14 46.6149
48 14 46.6026
49 14 46.5954
50 14 46.5935
51 14 46.5967
52 14 46.6052
53 14 46.6188
54 14 46.6376
55 14 46.6613
56 14 46.6899
57 14 46.7232
58 14 46.7611
59 14 46.8034
60 14 46.8499
61 14 46.9004
62 14 46.9547
63 14 47.0125
64 14 47.0736
65 14 47.1378
66 14 47.2049
67 14 47.2746
68 14 47.3467
69 14 47.421
70 14 47.4973
71 14 47.5754
72 14 47.6551
73 14 47.7361
74 14 47.8184
75 14 47.9018
76 14 47.9862
77 14 48.0713
78 14 48.1571
79 14 48.2435
80 14 48.3303
81 14 48.4176
82 14 48.5051
83 14 48.5928
84 14 48.6807
85 14 48.7688
86 14 48.8569
87 14 48.945
88 14 49.0331
89 14 49.1213
90 14 49.2093
91 14 49.2974
92 14 49.3854
93 14 49.4733
94 14 49.5612
95 14 49.649
96 14 49.7368
97 14 49.8246
98 14 49.9123
99 14 50
0 15 50
1 15 49.9087
2 15 49.8173
3 15 49.7259
4 15 49.6344
5 15 49.5429
6 15 49.4513
7 15 49.3595
8 15 49.2677
9 15 49.1758
10 15 49.0837
11 15 48.9916
12 15 48.8993
13 15 48.8069
14 15 48.7145
15 15 48.6221
16 15 48.5296
17 15 48.4372
18 15 48.3449
19 15 48.2528
20 15 48.1609
21 15 48.0693
22 15 47.9781
23 15 47.8874
24 15 47.7974
25 15 47.7082
26 15 47.6199
27 15 47.5326
28 15 47.4466
29 15 47.3621
30 15 47.2792
31 15 47.1981
32 15 47.1191
33 15 47.0424
34 15 46.9682
35 15 46.8968
36 15 46.8284
37 15 46.7634
38 15 46.7019
39 15 46.6442
40 15 46.5906
41 15 46.5412
42 15 46.4965
43 15 46.4565
44 15 46.4215
45 15 46.3916
46 15 46.3671
47 15 46.348
48 15 46.3345
49 15 46.3266
50 15 46.3245
51 15 46.3281
52 15 46.3373
53 15 46.3522
54 15 46.3727
55 15 46.3987
56 15 46.4299
57 15 46.4664
58 15 46.5078
59 15 46.554
60 15 46.6048
61 15 46.6599
62 15 46.7191
63 15 46.7821
64 15 46.8487
65 15 46.9186
66 15 46.9915
67 15 47.0673
68 15 47.1456
69 15 47.2262
70 15 47.3089
71 15 47.3935
72 15 47.4798
73 15 47.5675
74 15 47.6565
75 15 47.7465
76 15 47.8376
77 15 47.9294
78 15 48.022
79 15 48.115
80 15 48.2086
81 15 48.3025
82 15 48.3966
83 15 48.491
84 15 48.5855
85 15 48.68
86 15 48.7746
87 15 48.8692
88 15 48.9638
89 15 49.0583
90 15 49.1528
91 15 49.2472
92 15 49.3415
93 15 49.4358
94 15 49.5299
95 15 49.624
96 15 49.7181
97 15 49.8121
98 15 49.906
99 15 50
0 16 50
1 16 49.9026
2 16 49.8052
3 16 49.7078
4 16 49.6103
5 16 49.5127
6 16 49.415
7 16 49.3172
8 16 49.2192
9 16 49.1211
10 16 49.0228
11 16 48.9245
12 16 48.8259
13 16 48.7273
14 16 48.6285
15 16 48.5296
16 16 48.4307
17 16 48.3318
18 16 48.233
19 16 48.1343
20 16 48.0357
21 16 47.9375
22 16 47.8396
23 16 47.7423
24 16 47.6455
25 16 47.5495
26 16 47.4545
27 16 47.3605
28 16 47.2678
29 16 47.1766
30 16 47.0871
31 16 46.9994
32 16 46.914
33 16 46.8309
34 16 46.7506
35 16 46.6731
36 16 46.5989
37 16 46.5283
38 16 46.4614
39 16 46.3986
40 16 46.3403
41 16 46.2865
42 16 46.2377
43 16 46.1941
44 16 46.1558
45 16 46.1232
46 16 46.0964
47 16 46.0756
48 16 46.0608
49 16 46.0522
50 16 46.0498
51 16 46.0537
52 16 46.0638
53 16 46.08
54 16 46.1024
55 16 46.1307
56 16 46.1648
57 16 46.2046
58 16 46.2498
59 16 46.3001
60 16 46.3554
61 16 46.4153
62 16 46.4797
63 16 46.5481
64 16 46.6204
65 16 46.6963
66 16 46.7753
67 16 46.8574
68 16 46.9421
69 16 47.0293
70 16 47.1187
71 16 47.21
72 16 47.303
73 16 47.3975
74 16 47.4934
75 16 47.5903
76 16 47.6882
77 16 47.7869
78 16 47.8863
79 16 47.9862
80 16 48.0865
81 16 48.1871
82 16 48.288
83 16 48.389
84 16 48.4901
85 16 48.5912
86 16 48.6924
87 16 48.7935
88 16 48.8945
89 16 48.9955
90 16 49.0964
91 16 49.1971
92 16 49.2978
93 16 49.3983
94 16 49.4988
95 16 49.5991
96 16 49.6994
97 16 49.7996
98 16 49.8998
99 16 50
0 17 50
1 17 49.8966
2 17 49.7932
3 17 49.6898
4 17 49.5862
5 17 49.4826
6 17 49.3788
7 17 49.2749
8 17 49.1708
9 17 49.0666
10 17 48.9621
11 17 48.8575
12 17 48.7527
13 17 48.6477
14 17 48.5425
15 17 48.4372
16 17 48.3318
17 17 48.2264
18 17 48.121
19 17 48.0156
20 17 47.9104
21 17 47.8054
22 17 47.7007
23 17 47.5965
24 17 47.4929
25 17 47.39
26 17 47.288
27 17 47.1871
28 17 47.0875
29 17 46.9894
30 17 46.893
31 17 46.7986
32 17 46.7065
33 17 46.6168
34 17 46.53
35 17 46.4462
36 17 46.3659
37 17 46.2894
38 17 46.2168
39 17 46.1487
40 17 46.0853
41 17 46.0269
42 17 45.9738
43 17 45.9263
44 17 45.8846
45 17 45.849
46 17 45.8198
47 17 45.797
48 17 45.7809
49 17 45.7715
50 17 45.7689
51 17 45.773
52 17 45.784
53 17 45.8018
54 17 45.8261
55 17 45.857
56 17 45.8941
57 17 45.9374
58 17 45.9865
59 17 46.0412
60 17 46.1013
61 17 46.1664
62 17 46.2362
63 17 46.3104
64 17 46.3887
65 17 46.4707
66 17 46.5562
67 17 46.6448
68 17 46.7362
69 17 46.8302
70 17 46.9265
71 17 47.0247
72 17 47.1247
73 17 47.2263
74 17 47.3291
75 17 47.4331
76 17 47.538
77 17 47.6437
78 17 47.75
79 17 47.8568
80 17 47.964
81 17 48.0715
82 17 48.1791
83 17 48.2869
84 17 48.3947
85 17 48.5025
86 17 48.6102
87 17 48.7178
88 17 48.8254
89 17 48.9328
90 17 49.04
91 17 49.1471
92 17 49.2541
93 17 49.3609
94 17 49.4677
95 17 49.5743
96 17 49.6808
97 17 49.7872
98 17 49.8936
99 17 50
0 18 50
1 18 49.8907
2 18 49.7813
3 18 49.6719
4 18 49.5623
5 18 49.4527
6 18 49.3428
7 18 49.2328
8 18 49.1226
9 18 49.0122
10 18 48.9016
11 18 48.7907
12 18 48.6796
13 18 48.5682
14 18 48.4567
15 18 48.3449
16 18 48.233
17 18 48.121
18 18 48.0089
19 18 47.8968
20 18 47.7847
21 18 47.6729
22 18 47.5613
23 18 47.4501
24 18 47.3395
25 18 47.2295
26 18 47.1205
27 18 47.0125
28 18 46.9057
29 18 46.8005
30 18 46.697
31 18 46.5956
32 18 46.4964
33 18 46.3999
34 18 46.3063
35 18 46.2159
36 18 46.1292
37 18 46.0464
38 18 45.9679
39 18 45.8941
40 18 45.8253
41 18 45.7619
42 18 45.7042
43 18 45.6526
44 18 45.6073
45 18 45.5686
46 18 45.5367
47 18 45.5119
48 18 45.4943
49 18 45.484
50 18 45.4811
51 18 45.4856
52 18 45.4976
53 18 45.5169
54 18 45.5433
55 18 45.5769
56 18 45.6173
57 18 45.6643
58 18 45.7176
59 18 45.777
60 18 45.8422
61 18 45.9127
62 18 45.9883
63 18 46.0685
64 18 46.1531
65 18 46.2417
66 18 46.3339
67 18 46.4294
68 18 46.5278
69 18 46.6288
70 18 46.7323
71 18 46.8377
72 18 46.9449
73 18 47.0537
74 18 47.1638
75 18 47.275
76 18 47.3871
77 18 47.4999
78 18 47.6133
79 18 47.7272
80 18 47.8413
81 18 47.9557
82 18 48.0702
83 18 48.1847
84 18 48.2993
85 18 48.4137
86 18 48.5281
87 18 48.6423
88 18 48.7563
89 18 48.8702
90 18 48.9838
91 18 49.0973
92 18 49.2106
93 18 49.3237
94 18 49.4367
95 18 49.5495
96 18 49.6622
97 18 49.7749
98 18 49.8874
99 18 50
0 19 50
1 19 49.8847
2 19 49.7694
3 19 49.654
4 19 49.5385
5 19 49.4229
6 19 49.307
7 19 49.191
8 19 49.0747
9 19 48.9581
10 19 48.8413
11 19 48.7242
12 19 48.6067
13 19 48.489
14 19 48.371
15 19 48.2528
16 19 48.1343
17 19 48.0156
18 19 47.8968
19 19 47.7778
20 19 47.6589
21 19 47.5401
22 19 47.4215
23 19 47.3032
24 19 47.1854
25 19 47.0682
26 19 46.9519
27 19 46.8365
28 19 46.7224
29 19 46.6098
30 19 46.499
31 19 46.3902
32 19 46.2838
33 19 46.18
34 19 46.0793
35 19 45.982
36 19 45.8885
37 19 45.7991
38 19 45.7143
39 19 45.6344
40 19 45.56
41 19 45.4912
42 19 45.4287
43 19 45.3726
44 19 45.3233
45 19 45.2812
46 19 45.2465
47 19 45.2195
48 19 45.2003
49 19 45.1891
50 19 45.1859
51 19 45.1908
52 19 45.2038
53 19 45.2247
54 19 45.2535
55 19 45.29
56 19 45.3338
57 19 45.3849
58 19 45.4427
59 19 45.5071
60 19 45.5777
61 19 45.654
62 19 45.7357
63 19 45.8223
64 19 45.9136
65 19 46.009
66 19 46.1083
67 19 46.211
68 19 46.3167
69 19 46.4252
70 19 46.536
71 19 46.6489
72 19 46.7636
73 19 46.8799
74 19 46.9974
75 19 47.116
76 19 47.2354
77 19 47.3555
78 19 47.4761
79 19 47.5971
80 19 47.7184
81 19 47.8398
82 19 47.9612
83 19 48.0826
84 19 48.204
85 19 48.3251
86 19 48.4461
87 19 48.5669
88 19 48.6874
89 19 48.8077
90 19 48.9278
91 19 49.0476
92 19 49.1672
93 19 49.2866
94 19 49.4058
95 19 49.5249
96 19 49.6438
97 19 49.7626
98 19 49.8813
99 19 50
0 20 50
1 20 49.8788
2 20 49.7576
3 20 49.6363
4 20 49.5149
5 20 49.3932
6 20 49.2714
7 20 49.1493
8 20 49.027
9 20 48.9043
10 20 48.7813
11 20 48.6579
12 20 48.5342
13 20 48.4101
14 20 48.2857
15 20 48.1609
16 20 48.0357
17 20 47.9104
18 20 47.7847
19 20 47.6589
20 20 47.533
21 20 47.4071
22 20 47.2814
23 20 47.1558
24 20 47.0307
25 20 46.9061
26 20 46.7822
27 20 46.6593
28 20 46.5376
29 20 46.4174
30 20 46.2989
31 20 46.1825
32 20 46.0684
33 20 45.9571
34 20 45.849
35 20 45.7443
36 20 45.6436
37 20 45.5472
38 20 45.4557
39 20 45.3694
40 20 45.2889
41 20 45.2144
42 20 45.1466
43 20 45.0857
44 20 45.0322
45 20 44.9865
46 20 44.9487
47 20 44.9193
48 20 44.8984
49 20 44.8861
50 20 44.8826
51 20 44.888
52 20 44.902
53 20 44.9248
54 20 44.956
55 20 44.9956
56 20 45.0432
57 20 45.0986
58 20 45.1613
59 20 45.231
60 20 45.3074
61 20 45.3899
62 20 45.4781
63 20 45.5716
64 20 45.6699
65 20 45.7726
66 20 45.8793
67 20 45.9895
68 20 46.1029
69 20 46.2191
70 20 46.3377
71 20 46.4583
72 20 46.5808
73 20 46.7047
74 20 46.8299
75 20 46.9561
76 20 47.083
77 20 47.2106
78 20 47.3386
79 20 47.4669
80 20 47.5953
81 20 47.7238
82 20 47.8523
83 20 47.9806
84 20 48.1088
85 20 48.2367
86 20 48.3644
87 20 48.4917
88 20 48.6188
89 20 48.7456
90 20 48.872
91 20 48.9982
92 20 49.1241
93 20 49.2497
94 20 49.3751
95 20 49.5004
96 20 49.6254
97 20 49.7503
98 20 49.8752
99 20 50
0 21 50
1 21 49.873
2 21 49.7459
3 21 49.6187
4 21 49.4914
5 21 49.3638
6 21 49.2361
7 21 49.108
8 21 48.9796
9 21 48.8508
10 21 48.7216
11 21 48.592
12 21 48.462
13 21 48.3315
14 21 48.2006
15 21 48.0693
16 21 47.9375
17 21 47.8054
18 21 47.6729
19 21 47.5401
20 21 47.4071
21 21 47.2741
22 21 47.141
23 21 47.0081
24 21 46.8754
25 21 46.7432
26 21 46.6116
27 21 46.481
28 21 46.3514
29 21 46.2232
30 21 46.0968
31 21 45.9724
32 21 45.8504
33 21 45.7311
34 21 45.6151
35 21 45.5027
36 21 45.3943
37 21 45.2906
38 21 45.1919
39 21 45.0987
40 21 45.0116
41 21 44.931
42 21 44.8575
43 21 44.7915
44 21 44.7334
45 21 44.6837
46 21 44.6426
47 21 44.6106
48 21 44.5878
49 21 44.5744
50 21 44.5706
51 21 44.5763
52 21 44.5916
53 21 44.6163
54 21 44.6503
55 21 44.6932
56 21 44.7449
57 21 44.8049
58 21 44.8729
59 21 44.9484
60 21 45.0309
61 21 45.12
62 21 45.2152
63 21 45.316
64 21 45.4218
65 21 45.5322
66 21 45.6467
67 21 45.7649
68 21 45.8863
69 21 46.0106
70 21 46.1372
71 21 46.2659
72 21 46.3964
73 21 46.5283
74 21 46.6614
75 21 46.7954
76 21 46.9301
77 21 47.0653
78 21 47.2008
79 21 47.3365
80 21 47.4722
81 21 47.6079
82 21 47.7435
83 21 47.8788
84 21 48.0138
85 21 48.1485
86 21 48.2829
87 21 48.4169
88 21 48.5505
89 21 48.6837
90 21 48.8165
91 21 48.949
92 21 49.0812
93 21 49.2131
94 21 49.3446
95 21 49.476
96 21 49.6072
97 21 49.7382
98 21 49.8691
99 21 50
0 22 50
1 22 49.8672
2 22 49.7343
3 22 49.6013
4 22 49.4681
5 22 49.3347
6 22 49.201
7 22 49.067
8 22 48.9325
9 22 48.7977
10 22 48.6624
11 22 48.5266
12 22 48.3903
13 22 48.2534
14 22 48.116
15 22 47.9781
16 22 47.8396
17 22 47.7007
18 22 47.5613
19 22 47.4215
20 22 47.2814
21 22 47.141
22 22 47.0005
23 22 46.86
24 22 46.7197
25 22 46.5796
26 22 46.4402
27 22 46.3014
28 22 46.1638
29 22 46.0274
30 22 45.8926
31 22 45.7599
32 22 45.6295
33 22 45.5019
34 22 45.3776
35 22 45.257
36 22 45.1405
37 22 45.0289
38 22 44.9225
39 22 44.8219
40 22 44.7278
41 22 44.6406
42 22 44.561
43 22 44.4893
44 22 44.4263
45 22 44.3722
46 22 44.3275
47 22 44.2926
48 22 44.2678
49 22 44.2532
50 22 44.249
51 22 44.2552
52 22 44.2717
53 22 44.2986
54 22 44.3355
55 22 44.3821
56 22 44.4382
57 22 44.5033
58 22 44.577
59 22 44.6587
60 22 44.7479
61 22 44.8441
62 22 44.9468
63 22 45.0553
64 22 45.1691
65 22 45.2877
66 22 45.4105
67 22 45.5371
68 22 45.667
69 22 45.7996
70 22 45.9347
71 22 46.0718
72 22 46.2106
73 22 46.3508
74 22 46.492
75 22 46.634
76 22 46.7766
77 22 46.9196
78 22 47.0628
79 22 47.206
80 22 47.3492
81 22 47.4921
82 22 47.6349
83 22 47.7772
84 22 47.9192
85 22 48.0607
86 22 48.2018
87 22 48.3424
88 22 48.4825
89 22 48.6222
90 22 48.7614
91 22 48.9002
92 22 49.0386
93 22 49.1767
94 22 49.3144
95 22 49.4518
96 22 49.5891
97 22 49.7261
98 22 49.8631
99 22 50
0 23 50
1 23 49.8614
2 23 49.7228
3 23 49.584
4 23 49.4451
5 23 49.3058
6 23 49.1663
7 23 49.0263
8 23 48.8859
9 23 48.745
10 23 48.6036
11 23 48.4616
12 23 48.319
13 23 48.1758
14 23 48.032
15 23 47.8874
16 23 47.7423
17 23 47.5965
18 23 47.4501
19 23 47.3032
20 23 47.1558
21 23 47.0081
22 23 46.86
23 23 46.7118
24 23 46.5636
25 23 46.4156
26 23 46.2679
27 23 46.1209
28 23 45.9748
29 23 45.8299
30 23 45.6865
31 23 45.545
32 23 45.4059
33 23 45.2695
34 23 45.1364
35 23 45.007
36 23 44.882
37 23 44.7619
38 23 44.6472
39 23 44.5388
40 23 44.437
41 23 44.3427
42 23 44.2564
43 23 44.1786
44 23 44.1101
45 23 44.0513
46 23 44.0027
47 23 43.9646
48 23 43.9375
49 23 43.9216
50 23 43.9169
51 23 43.9236
52 23 43.9416
53 23 43.9708
54 23 44.0109
55 23 44.0616
56 23 44.1225
57 23 44.1931
58 23 44.273
59 23 44.3614
60 23 44.4579
61 23 44.5618
62 23 44.6725
63 23 44.7893
64 23 44.9117
65 23 45.0389
66 23 45.1706
67 23 45.306
68 23 45.4448
69 23 45.5863
70 23 45.7302
71 23 45.8761
72 23 46.0235
73 23 46.1722
74 23 46.3218
75 23 46.472
76 23 46.6228
77 23 46.7737
78 23 46.9247
79 23 47.0756
80 23 47.2263
81 23 47.3767
82 23 47.5266
83 23 47.6761
84 23 47.825
85 23 47.9734
86 23 48.1212
87 23 48.2684
88 23 48.4151
89 23 48.5612
90 23 48.7067
91 23 48.8518
92 23 48.9964
93 23 49.1406
94 23 49.2844
95 23 49.4279
96 23 49.5711
97 23 49.7142
98 23 49.8571
99 23 50
0 24 50
1 24 49.8558
2 24 49.7114
3 24 49.567
4 24 49.4223
5 24 49.2773
6 24 49.1319
7 24 48.9861
8 24 48.8398
9 24 48.6929
10 24 48.5455
11 24 48.3973
12 24 48.2485
13 24 48.0989
14 24 47.9485
15 24 47.7974
16 24 47.6455
17 24 47.4929
18 24 47.3395
19 24 47.1854
20 24 47.0307
21 24 46.8754
22 24 46.7197
23 24 46.5636
24 24 46.4073
25 24 46.2511
26 24 46.0951
27 24 45.9395
28 24 45.7846
29 24 45.6308
30 24 45.4784
31 24 45.3278
32 24 45.1795
33 24 45.0338
34 24 44.8914
35 24 44.7528
36 24 44.6185
37 24 44.4894
38 24 44.3659
39 24 44.2488
40 24 44.1389
41 24 44.0367
42 24 43.9431
43 24 43.8587
44 24 43.7842
45 24 43.7202
46 24 43.6672
47 24 43.6257
48 24 43.5961
49 24 43.5786
50 24 43.5735
51 24 43.5808
52 24 43.6003
53 24 43.6321
54 24 43.6757
55 24 43.7309
56 24 43.7971
57 24 43.8738
58 24 43.9603
59 24 44.0561
60 24 44.1605
61 24 44.2727
62 24 44.392
63 24 44.5178
64 24 44.6493
65 24 44.7858
66 24 44.9268
67 24 45.0717
68 24 45.2198
69 24 45.3706
70 24 45.5237
71 24 45.6787
72 24 45.8351
73 24 45.9926
74 24 46.1509
75 24 46.3096
76 24 46.4687
77 24 46.6278
78 24 46.7868
79 24 46.9455
80 24 47.1038
81 24 47.2616
82 24 47.4188
83 24 47.5754
84 24 47.7314
85 24 47.8866
86 24 48.0411
87 24 48.195
88 24 48.3482
89 24 48.5007
90 24 48.6525
91 24 48.8038
92 24 48.9546
93 24 49.1048
94 24 49.2547
95 24 49.4042
96 24 49.5534
97 24 49.7024
98 24 49.8512
99 24 50
0 25 50
1 25 49.8502
2 25 49.7002
3 25 49.5501
4 25 49.3998
5 25 49.2491
6 25 49.098
7 25 48.9464
8 25 48.7943
9 25 48.6414
10 25 48.4879
11 25 48.3337
12 25 48.1786
13 25 48.0227
14 25 47.8659
15 25 47.7082
16 25 47.5495
17 25 47.39
18 25 47.2295
19 25 47.0682
20 25 46.9061
21 25 46.7432
22 25 46.5796
23 25 46.4156
24 25 46.2511
25 25 46.0864
26 25 45.9218
27 25 45.7573
28 25 45.5934
29 25 45.4304
30 25 45.2686
31 25 45.1084
32 25 44.9503
33 25 44.7949
34 25 44.6426
35 25 44.4941
36 25 44.35
37 25 44.2111
38 25 44.0781
39 25 43.9518
40 25 43.8329
41 25 43.7223
42 25 43.6207
43 25 43.529
44 25 43.4479
45 25 43.3781
46 25 43.3203
47 25 43.2749
48 25 43.2425
49 25 43.2234
50 25 43.2177
51 25 43.2256
52 25 43.2469
53 25 43.2815
54 25 43.3291
55 25 43.3891
56 25 43.4612
57 25 43.5445
58 25 43.6385
59 25 43.7423
60 25 43.8553
61 25 43.9765
62 25 44.1052
63 25 44.2405
64 25 44.3818
65 25 44.5283
66 25 44.6792
67 25 44.834
68 25 44.992
69 25 45.1526
70 25 45.3154
71 25 45.4799
72 25 45.6456
73 25 45.8123
74 25 45.9795
75 25 46.147
76 25 46.3146
77 25 46.482
78 25 46.6491
79 25 46.8157
80 25 46.9817
81 25 47.1471
82 25 47.3117
83 25 47.4754
84 25 47.6384
85 25 47.8005
86 25 47.9618
87 25 48.1223
88 25 48.2819
89 25 48.4408
90 25 48.5989
91 25 48.7564
92 25 48.9132
93 25 49.0695
94 25 49.2254
95 25 49.3808
96 25 49.5359
97 25 49.6907
98 25 49.8454
99 25 50
0 26 50
1 26 49.8447
2 26 49.6892
3 26 49.5336
4 26 49.3777
5 26 49.2214
6 26 49.0646
7 26 48.9073
8 26 48.7493
9 26 48.5907
10 26 48.4312
11 26 48.2709
12 26 48.1096
13 26 47.9474
14 26 47.7842
15 26 47.6199
16 26 47.4545
17 26 47.288
18 26 47.1205
19 26 46.9519
20 26 46.7822
21 26 46.6116
22 26 46.4402
23 26 46.2679
24 26 46.0951
25 26 45.9218
26 26 45.7482
27 26 45.5746
28 26 45.4014
29 26 45.2287
30 26 45.0571
31 26 44.8869
32 26 44.7186
33 26 44.5528
34 26 44.39
35 26 44.231
36 26 44.0764
37 26 43.927
38 26 43.7837
39 26 43.6473
40 26 43.5186
41 26 43.3987
42 26 43.2884
43 26 43.1886
44 26 43.1002
45 26 43.024
46 26 42.9608
47 26 42.9112
48 26 42.8756
49 26 42.8546
50 26 42.8483
51 26 42.8569
52 26 42.8802
53 26 42.918
54 26 42.9699
55 26 43.0354
56 26 43.1139
57 26 43.2046
58 26 43.3068
59 26 43.4194
60 26 43.5417
61 26 43.6728
62 26 43.8116
63 26 43.9574
64 26 44.1092
65 26 44.2663
66 26 44.4278
67 26 44.5932
68 26 44.7616
69 26 44.9325
70 26 45.1054
71 26 45.2798
72 26 45.4552
73 26 45.6313
74 26 45.8078
75 26 45.9843
76 26 46.1606
77 26 46.3365
78 26 46.5119
79 26 46.6865
80 26 46.8603
81 26 47.0333
82 26 47.2053
83 26 47.3763
84 26 47.5463
85 26 47.7153
86 26 47.8833
87 26 48.0503
88 26 48.2164
89 26 48.3816
90 26 48.546
91 26 48.7096
92 26 48.8725
93 26 49.0347
94 26 49.1965
95 26 49.3577
96 26 49.5186
97 26 49.6792
98 26 49.8397
99 26 50
0 27 50
1 27 49.8392
2 27 49.6784
3 27 49.5173
4 27 49.3559
5 27 49.1941
6 27 49.0317
7 27 48.8688
8 27 48.7051
9 27 48.5407
10 27 48.3753
11 27 48.209
12 27 48.0416
13 27 47.8731
14 27 47.7035
15 27 47.5326
16 27 47.3605
17 27 47.1871
18 27 47.0125
19 27 46.8365
20 27 46.6593
21 27 46.481
22 27 46.3014
23 27 46.1209
24 27 45.9395
25 27 45.7573
26 27 45.5746
27 27 45.3917
28 27 45.2087
29 27 45.026
30 27 44.8441
31 27 44.6634
32 27 44.4844
33 27 44.3076
34 27 44.1337
35 27 43.9634
36 27 43.7975
37 27 43.6369
38 27 43.4824
39 27 43.335
40 27 43.1957
41 27 43.0656
42 27 42.9456
43 27 42.8368
44 27 42.7403
45 27 42.657
46 27 42.5878
47 27 42.5333
48 27 42.4943
49 27 42.4711
50 27 42.4642
51 27 42.4735
52 27 42.499
53 27 42.5403
54 27 42.5971
55 27 42.6688
56 27 42.7545
57 27 42.8533
58 27 42.9645
59 27 43.0869
60 27 43.2195
61 27 43.3612
62 27 43.5111
63 27 43.6681
64 27 43.8313
65 27 43.9998
66 27 44.1727
67 27 44.3492
68 27 44.5287
69 27 44.7104
70 27 44.8939
71 27 45.0787
72 27 45.2642
73 27 45.4501
74 27 45.636
75 27 45.8218
76 27 46.007
77 27 46.1916
78 27 46.3753
79 27 46.5581
80 27 46.7399
81 27 46.9205
82 27 47.0999
83 27 47.2782
84 27 47.4552
85 27 47.6311
86 27 47.8058
87 27 47.9793
88 27 48.1518
89 27 48.3233
90 27 48.4938
91 27 48.6634
92 27 48.8323
93 27 49.0005
94 27 49.168
95 27 49.335
96 27 49.5016
97 27 49.6679
98 27 49.834
99 27 50
0 28 50
1 28 49.8339
2 28 49.6677
3 28 49.5013
4 28 49.3345
5 28 49.1673
6 28 48.9995
7 28 48.831
8 28 48.6617
9 28 48.4916
10 28 48.3204
11 28 48.1481
12 28 47.9747
13 28 47.8
14 28 47.624
15 28 47.4466
16 28 47.2678
17 28 47.0875
18 28 46.9057
19 28 46.7224
20 28 46.5376
21 28 46.3514
22 28 46.1638
23 28 45.9748
24 28 45.7846
25 28 45.5934
26 28 45.4014
27 28 45.2087
28 28 45.0157
29 28 44.8227
30 28 44.63
31 28 44.4383
32 28 44.2479
33 28 44.0595
34 28 43.8738
35 28 43.6915
36 28 43.5135
37 28 43.3406
38 28 43.174
39 28 43.0146
40 28 42.8636
41 28 42.7222
42 28 42.5915
43 28 42.4728
44 28 42.3673
45 28 42.276
46 28 42.1999
47 28 42.14
48 28 42.097
49 28 42.0715
50 28 42.0638
51 28 42.0739
52 28 42.1019
53 28 42.1472
54 28 42.2096
55 28 42.288
56 28 42.3818
57 28 42.4898
58 28 42.611
59 28 42.7441
60 28 42.888
61 28 43.0416
62 28 43.2035
63 28 43.3727
64 28 43.5482
65 28 43.7288
66 28 43.9138
67 28 44.1023
68 28 44.2934
69 28 44.4866
70 28 44.6812
71 28 44.8768
72 28 45.0727
73 28 45.2688
74 28 45.4645
75 28 45.6597
76 28 45.8541
77 28 46.0475
78 28 46.2398
79 28 46.4308
80 28 46.6205
81 28 46.8089
82 28 46.9958
83 28 47.1813
84 28 47.3653
85 28 47.548
86 28 47.7294
87 28 47.9094
88 28 48.0882
89 28 48.2659
90 28 48.4425
91 28 48.6181
92 28 48.7928
93 28 48.9668
94 28 49.14
95 28 49.3127
96 28 49.485
97 28 49.6568
98 28 49.8285
99 28 50
0 29 50
1 29 49.8287
2 29 49.6573
3 29 49.4857
4 29 49.3137
5 29 49.1411
6 29 48.968
7 29 48.794
8 29 48.6192
9 29 48.4434
10 29 48.2665
11 29 48.0885
12 29 47.909
13 29 47.7282
14 29 47.5459
15 29 47.3621
16 29 47.1766
17 29 46.9894
18 29 46.8005
19 29 46.6098
20 29 46.4174
21 29 46.2232
22 29 46.0274
23 29 45.8299
24 29 45.6308
25 29 45.4304
26 29 45.2287
27 29 45.026
28 29 44.8227
29 29 44.6189
30 29 44.4151
31 29 44.2117
32 29 44.0094
33 29 43.8087
34 29 43.6104
35 29 43.4153
36 29 43.2242
37 29 43.0382
38 29 42.8583
39 29 42.6858
40 29 42.522
41 29 42.3681
42 29 42.2255
43 29 42.0957
44 29 41.98
45 29 41.8796
46 29 41.7959
47 29 41.7298
48 29 41.6823
49 29 41.6541
50 29 41.6454
51 29 41.6565
52 29 41.6873
53 29 41.7373
54 29 41.8058
55 29 41.892
56 29 41.9949
57 29 42.1131
58 29 42.2455
59 29 42.3906
60 29 42.547
61 29 42.7135
62 29 42.8886
63 29 43.0711
64 29 43.2598
65 29 43.4536
66 29 43.6515
67 29 43.8527
68 29 44.0562
69 29 44.2614
70 29 44.4676
71 29 44.6744
72 29 44.8813
73 29 45.0877
74 29 45.2936
75 29 45.4984
76 29 45.7022
77 29 45.9046
78 29 46.1055
79 29 46.3048
80 29 46.5026
81 29 46.6986
82 29 46.893
83 29 47.0857
84 29 47.2768
85 29 47.4663
86 29 47.6542
87 29 47.8407
88 29 48.0258
89 29 48.2096
90 29 48.3922
91 29 48.5737
92 29 48.7542
93 29 48.9338
94 29 49.1127
95 29 49.2909
96 29 49.4686
97 29 49.646
98 29 49.823
99 29 50
0 30 50
1 30 49.8237
2 30 49.6472
3 30 49.4705
4 30 49.2933
5 30 49.1156
6 30 48.9372
7 30 48.7579
8 30 48.5777
9 30 48.3964
10 30 48.2139
11 30 48.0301
12 30 47.8448
13 30 47.6579
14 30 47.4694
15 30 47.2792
16 30 47.0871
17 30 46.893
18 30 46.697
19 30 46.499
20 30 46.2989
21 30 46.0968
22 30 45.8926
23 30 45.6865
24 30 45.4784
25 30 45.2686
26 30 45.0571
27 30 44.8441
28 30 44.63
29 30 44.4151
